real,imag
152.0,-24.0
152.0,-21.0
160.0,-27.0
151.0,-28.0
141.0,-26.0
143.0,-29.0
150.0,-34.0
142.0,-36.0
132.0,-41.0
130.0,-51.0
141.0,-54.0
149.0,-40.0
146.0,-31.0
141.0,-39.0
144.0,-40.0
154.0,-35.0
156.0,-33.0
145.0,-34.0
140.0,-39.0
145.0,-43.0
147.0,-51.0
150.0,-64.0
151.0,-58.0
141.0,-50.0
138.0,-63.0
149.0,-62.0
152.0,-54.0
147.0,-50.0
139.0,-58.0
136.0,-68.0
145.0,-71.0
156.0,-56.0
144.0,-44.0
125.0,-56.0
127.0,-65.0
144.0,-60.0
156.0,-51.0
154.0,-51.0
146.0,-57.0
151.0,-60.0
152.0,-63.0
149.0,-63.0
148.0,-62.0
150.0,-66.0
149.0,-73.0
142.0,-78.0
138.0,-71.0
132.0,-70.0
138.0,-60.0
141.0,-56.0
134.0,-67.0
123.0,-70.0
125.0,-67.0
127.0,-74.0
122.0,-76.0
118.0,-70.0
140.0,-60.0
161.0,-50.0
148.0,-55.0
140.0,-58.0
127.0,-65.0
125.0,-74.0
134.0,-77.0
131.0,-84.0
126.0,-83.0
123.0,-64.0
130.0,-47.0
132.0,-56.0
126.0,-72.0
124.0,-73.0
126.0,-65.0
133.0,-69.0
140.0,-85.0
137.0,-87.0
133.0,-79.0
129.0,-80.0
126.0,-80.0
126.0,-73.0
142.0,-75.0
144.0,-102.0
127.0,-115.0
125.0,-95.0
138.0,-81.0
141.0,-81.0
139.0,-83.0
141.0,-88.0
135.0,-87.0
124.0,-79.0
119.0,-74.0
123.0,-82.0
123.0,-93.0
129.0,-91.0
135.0,-80.0
125.0,-76.0
124.0,-88.0
124.0,-106.0
121.0,-102.0
120.0,-91.0
119.0,-79.0
121.0,-84.0
121.0,-90.0
122.0,-87.0
128.0,-91.0
136.0,-92.0
130.0,-90.0
122.0,-87.0
130.0,-87.0
133.0,-86.0
138.0,-86.0
133.0,-93.0
119.0,-99.0
112.0,-109.0
111.0,-102.0
96.0,-87.0
94.0,-87.0
99.0,-92.0
109.0,-100.0
122.0,-92.0
120.0,-80.0
112.0,-83.0
106.0,-100.0
102.0,-111.0
104.0,-111.0
107.0,-101.0
117.0,-93.0
125.0,-104.0
116.0,-116.0
108.0,-111.0
112.0,-98.0
104.0,-91.0
101.0,-98.0
111.0,-104.0
118.0,-101.0
124.0,-101.0
121.0,-101.0
113.0,-102.0
110.0,-115.0
113.0,-112.0
100.0,-89.0
92.0,-80.0
93.0,-91.0
89.0,-105.0
85.0,-112.0
92.0,-114.0
109.0,-112.0
108.0,-125.0
100.0,-132.0
99.0,-122.0
103.0,-124.0
105.0,-122.0
93.0,-119.0
88.0,-112.0
91.0,-107.0
91.0,-107.0
91.0,-115.0
93.0,-119.0
99.0,-111.0
101.0,-112.0
97.0,-124.0
94.0,-125.0
90.0,-113.0
96.0,-118.0
97.0,-122.0
86.0,-116.0
78.0,-112.0
76.0,-104.0
83.0,-100.0
91.0,-107.0
93.0,-108.0
83.0,-106.0
84.0,-108.0
90.0,-114.0
90.0,-113.0
86.0,-112.0
75.0,-121.0
76.0,-131.0
84.0,-134.0
90.0,-127.0
96.0,-112.0
87.0,-106.0
83.0,-111.0
78.0,-118.0
76.0,-116.0
84.0,-120.0
78.0,-122.0
72.0,-124.0
73.0,-129.0
69.0,-135.0
74.0,-145.0
85.0,-142.0
81.0,-137.0
71.0,-137.0
84.0,-138.0
92.0,-137.0
90.0,-136.0
92.0,-135.0
95.0,-136.0
84.0,-138.0
71.0,-136.0
72.0,-126.0
73.0,-119.0
80.0,-120.0
82.0,-133.0
73.0,-142.0
72.0,-143.0
74.0,-145.0
78.0,-142.0
82.0,-130.0
74.0,-121.0
63.0,-115.0
57.0,-108.0
55.0,-111.0
61.0,-109.0
67.0,-113.0
70.0,-123.0
68.0,-135.0
65.0,-147.0
58.0,-144.0
48.0,-140.0
47.0,-129.0
53.0,-122.0
58.0,-123.0
71.0,-132.0
66.0,-136.0
55.0,-133.0
53.0,-132.0
58.0,-135.0
65.0,-128.0
61.0,-125.0
56.0,-134.0
60.0,-141.0
58.0,-145.0
56.0,-140.0
51.0,-139.0
44.0,-138.0
50.0,-138.0
62.0,-145.0
52.0,-145.0
44.0,-140.0
43.0,-140.0
45.0,-138.0
60.0,-145.0
69.0,-150.0
69.0,-149.0
55.0,-144.0
54.0,-145.0
52.0,-152.0
45.0,-156.0
47.0,-135.0
56.0,-117.0
56.0,-127.0
47.0,-135.0
39.0,-153.0
37.0,-161.0
38.0,-150.0
36.0,-136.0
36.0,-126.0
48.0,-133.0
48.0,-145.0
43.0,-134.0
45.0,-129.0
43.0,-137.0
39.0,-147.0
38.0,-146.0
42.0,-138.0
30.0,-131.0
23.0,-132.0
33.0,-144.0
42.0,-144.0
45.0,-132.0
35.0,-130.0
26.0,-140.0
25.0,-146.0
25.0,-143.0
28.0,-134.0
24.0,-132.0
15.0,-138.0
23.0,-140.0
22.0,-145.0
15.0,-156.0
19.0,-162.0
36.0,-154.0
38.0,-145.0
38.0,-144.0
32.0,-154.0
21.0,-161.0
17.0,-155.0
11.0,-136.0
12.0,-134.0
27.0,-145.0
33.0,-153.0
25.0,-148.0
19.0,-141.0
10.0,-143.0
11.0,-145.0
20.0,-158.0
21.0,-162.0
9.0,-148.0
-1.0,-135.0
0.0,-126.0
7.0,-128.0
7.0,-136.0
11.0,-146.0
20.0,-150.0
26.0,-149.0
30.0,-153.0
30.0,-153.0
23.0,-150.0
11.0,-158.0
5.0,-164.0
0.0,-162.0
6.0,-165.0
22.0,-162.0
18.0,-157.0
9.0,-152.0
5.0,-147.0
8.0,-154.0
8.0,-157.0
9.0,-158.0
7.0,-151.0
14.0,-145.0
15.0,-145.0
4.0,-139.0
7.0,-135.0
16.0,-138.0
19.0,-146.0
8.0,-150.0
-16.0,-149.0
-18.0,-152.0
-9.0,-154.0
-7.0,-148.0
-11.0,-147.0
-19.0,-141.0
-22.0,-139.0
-17.0,-146.0
-16.0,-155.0
-12.0,-151.0
-4.0,-151.0
-12.0,-155.0
-18.0,-141.0
-17.0,-136.0
-9.0,-143.0
-7.0,-148.0
-13.0,-145.0
-16.0,-142.0
-25.0,-148.0
-30.0,-160.0
-23.0,-161.0
-10.0,-147.0
-15.0,-142.0
-15.0,-142.0
-10.0,-144.0
-14.0,-150.0
-25.0,-154.0
-31.0,-148.0
-12.0,-136.0
-11.0,-137.0
-18.0,-138.0
-18.0,-145.0
-17.0,-152.0
-23.0,-161.0
-28.0,-162.0
-28.0,-152.0
-38.0,-143.0
-42.0,-138.0
-42.0,-143.0
-37.0,-147.0
-38.0,-158.0
-39.0,-167.0
-38.0,-158.0
-42.0,-152.0
-38.0,-157.0
-34.0,-160.0
-33.0,-159.0
-39.0,-155.0
-44.0,-152.0
-40.0,-149.0
-30.0,-158.0
-35.0,-163.0
-47.0,-158.0
-48.0,-148.0
-41.0,-147.0
-35.0,-159.0
-42.0,-171.0
-50.0,-163.0
-49.0,-156.0
-42.0,-156.0
-37.0,-153.0
-35.0,-156.0
-42.0,-155.0
-41.0,-145.0
-35.0,-127.0
-31.0,-122.0
-33.0,-139.0
-50.0,-155.0
-54.0,-152.0
-43.0,-150.0
-51.0,-141.0
-54.0,-143.0
-47.0,-150.0
-39.0,-142.0
-27.0,-146.0
-26.0,-147.0
-41.0,-151.0
-48.0,-149.0
-50.0,-139.0
-41.0,-142.0
-46.0,-140.0
-54.0,-133.0
-49.0,-136.0
-60.0,-143.0
-63.0,-136.0
-60.0,-126.0
-57.0,-131.0
-49.0,-142.0
-44.0,-152.0
-47.0,-150.0
-52.0,-141.0
-53.0,-129.0
-51.0,-122.0
-44.0,-131.0
-47.0,-135.0
-55.0,-136.0
-59.0,-137.0
-63.0,-132.0
-66.0,-131.0
-65.0,-132.0
-62.0,-136.0
-61.0,-140.0
-55.0,-142.0
-53.0,-146.0
-58.0,-148.0
-52.0,-150.0
-56.0,-147.0
-73.0,-141.0
-74.0,-137.0
-62.0,-143.0
-57.0,-144.0
-54.0,-133.0
-57.0,-130.0
-60.0,-132.0
-52.0,-137.0
-52.0,-141.0
-66.0,-129.0
-70.0,-114.0
-68.0,-113.0
-71.0,-119.0
-71.0,-116.0
-70.0,-115.0
-61.0,-114.0
-58.0,-116.0
-65.0,-124.0
-75.0,-125.0
-81.0,-117.0
-85.0,-127.0
-76.0,-140.0
-71.0,-131.0
-71.0,-119.0
-71.0,-111.0
-82.0,-115.0
-89.0,-129.0
-89.0,-142.0
-79.0,-139.0
-70.0,-122.0
-70.0,-112.0
-74.0,-117.0
-86.0,-125.0
-96.0,-130.0
-100.0,-127.0
-98.0,-128.0
-100.0,-124.0
-101.0,-125.0
-91.0,-132.0
-82.0,-134.0
-81.0,-124.0
-88.0,-128.0
-93.0,-135.0
-97.0,-122.0
-99.0,-119.0
-97.0,-123.0
-93.0,-132.0
-93.0,-131.0
-93.0,-111.0
-93.0,-109.0
-97.0,-119.0
-97.0,-116.0
-86.0,-123.0
-93.0,-121.0
-98.0,-120.0
-97.0,-120.0
-104.0,-109.0
-113.0,-110.0
-105.0,-125.0
-93.0,-128.0
-88.0,-110.0
-96.0,-103.0
-105.0,-115.0
-99.0,-121.0
-93.0,-127.0
-98.0,-128.0
-104.0,-117.0
-104.0,-121.0
-106.0,-120.0
-111.0,-110.0
-112.0,-100.0
-108.0,-96.0
-100.0,-98.0
-102.0,-100.0
-117.0,-100.0
-118.0,-103.0
-113.0,-112.0
-107.0,-114.0
-100.0,-107.0
-98.0,-102.0
-100.0,-104.0
-101.0,-103.0
-103.0,-102.0
-106.0,-110.0
-97.0,-119.0
-92.0,-115.0
-98.0,-108.0
-110.0,-99.0
-126.0,-98.0
-127.0,-97.0
-109.0,-98.0
-99.0,-107.0
-116.0,-114.0
-134.0,-112.0
-137.0,-102.0
-131.0,-106.0
-125.0,-122.0
-119.0,-122.0
-118.0,-107.0
-126.0,-102.0
-126.0,-108.0
-121.0,-121.0
-122.0,-125.0
-131.0,-119.0
-136.0,-113.0
-138.0,-109.0
-130.0,-105.0
-120.0,-103.0
-125.0,-97.0
-136.0,-96.0
-134.0,-95.0
-125.0,-92.0
-125.0,-86.0
-125.0,-83.0
-118.0,-89.0
-118.0,-93.0
-134.0,-101.0
-143.0,-101.0
-137.0,-98.0
-128.0,-107.0
-122.0,-114.0
-124.0,-102.0
-129.0,-102.0
-139.0,-106.0
-133.0,-98.0
-133.0,-92.0
-141.0,-91.0
-146.0,-92.0
-124.0,-101.0
-112.0,-93.0
-127.0,-85.0
-134.0,-87.0
-127.0,-82.0
-121.0,-80.0
-131.0,-86.0
-140.0,-93.0
-133.0,-94.0
-123.0,-93.0
-122.0,-74.0
-128.0,-58.0
-138.0,-64.0
-142.0,-62.0
-139.0,-62.0
-137.0,-67.0
-138.0,-74.0
-136.0,-80.0
-136.0,-68.0
-136.0,-57.0
-135.0,-62.0
-128.0,-73.0
-128.0,-73.0
-132.0,-63.0
-130.0,-66.0
-131.0,-79.0
-118.0,-89.0
-122.0,-74.0
-128.0,-52.0
-120.0,-59.0
-116.0,-66.0
-110.0,-68.0
-115.0,-76.0
-135.0,-75.0
-151.0,-68.0
-161.0,-60.0
-156.0,-64.0
-133.0,-73.0
-133.0,-68.0
-151.0,-65.0
-152.0,-76.0
-147.0,-80.0
-152.0,-71.0
-150.0,-52.0
-145.0,-46.0
-142.0,-55.0
-146.0,-64.0
-149.0,-65.0
-143.0,-62.0
-138.0,-65.0
-139.0,-67.0
-147.0,-61.0
-144.0,-59.0
-139.0,-59.0
-138.0,-59.0
-149.0,-60.0
-165.0,-62.0
-159.0,-57.0
-151.0,-50.0
-139.0,-48.0
-135.0,-44.0
-146.0,-52.0
-151.0,-70.0
-156.0,-72.0
-151.0,-61.0
-149.0,-58.0
-158.0,-56.0
-163.0,-47.0
-159.0,-50.0
-152.0,-56.0
-155.0,-46.0
-158.0,-41.0
-155.0,-45.0
-147.0,-41.0
-143.0,-49.0
-152.0,-53.0
-151.0,-55.0
-153.0,-56.0
-152.0,-54.0
-151.0,-56.0
-147.0,-51.0
-141.0,-38.0
-142.0,-27.0
-156.0,-28.0
-173.0,-40.0
-172.0,-44.0
-159.0,-38.0
-146.0,-35.0
-140.0,-34.0
-144.0,-32.0
-153.0,-43.0
-149.0,-53.0
-141.0,-43.0
-142.0,-28.0
-151.0,-32.0
-155.0,-36.0
-150.0,-33.0
-152.0,-29.0
-165.0,-26.0
-163.0,-26.0
-148.0,-32.0
-145.0,-37.0
-143.0,-30.0
-147.0,-29.0
-152.0,-37.0
-156.0,-39.0
-159.0,-35.0
-150.0,-25.0
-143.0,-23.0
-140.0,-20.0
-137.0,-22.0
-139.0,-29.0
-145.0,-25.0
-148.0,-20.0
-153.0,-17.0
-155.0,-8.0
-142.0,-11.0
-137.0,-18.0
-152.0,-20.0
-166.0,-21.0
-158.0,-22.0
-149.0,-10.0
-150.0,-2.0
-151.0,-11.0
-155.0,-13.0
-151.0,-6.0
-148.0,-5.0
-147.0,-10.0
-151.0,-12.0
-153.0,-7.0
-149.0,-6.0
-147.0,-18.0
-142.0,-23.0
-140.0,-17.0
-151.0,-8.0
-151.0,-5.0
-146.0,-3.0
-150.0,-2.0
-155.0,1.0
-150.0,3.0
-154.0,-4.0
-154.0,-8.0
-157.0,-10.0
-158.0,-3.0
-144.0,2.0
-148.0,-1.0
-152.0,-12.0
-143.0,-22.0
-142.0,-17.0
-145.0,-2.0
-153.0,-4.0
-164.0,-8.0
-163.0,-4.0
-163.0,-4.0
-158.0,-10.0
-153.0,-12.0
-151.0,1.0
-148.0,14.0
-147.0,10.0
-144.0,9.0
-145.0,19.0
-158.0,22.0
-159.0,8.0
-157.0,-2.0
-161.0,3.0
-159.0,8.0
-147.0,20.0
-143.0,20.0
-151.0,8.0
-157.0,-1.0
-161.0,3.0
-155.0,-1.0
-149.0,-12.0
-153.0,-7.0
-153.0,7.0
-145.0,22.0
-144.0,24.0
-137.0,25.0
-144.0,20.0
-165.0,15.0
-157.0,9.0
-133.0,15.0
-135.0,30.0
-146.0,34.0
-147.0,26.0
-148.0,11.0
-150.0,12.0
-155.0,29.0
-156.0,39.0
-155.0,29.0
-159.0,17.0
-157.0,11.0
-143.0,21.0
-129.0,25.0
-135.0,16.0
-156.0,16.0
-165.0,30.0
-173.0,32.0
-166.0,27.0
-151.0,27.0
-144.0,21.0
-144.0,33.0
-151.0,45.0
-137.0,50.0
-119.0,44.0
-131.0,42.0
-146.0,40.0
-154.0,38.0
-154.0,34.0
-149.0,29.0
-139.0,33.0
-129.0,34.0
-133.0,28.0
-139.0,28.0
-147.0,30.0
-146.0,35.0
-143.0,34.0
-144.0,33.0
-149.0,43.0
-151.0,49.0
-139.0,40.0
-136.0,30.0
-133.0,28.0
-132.0,35.0
-137.0,39.0
-138.0,42.0
-134.0,42.0
-141.0,39.0
-144.0,39.0
-137.0,39.0
-136.0,42.0
-138.0,49.0
-148.0,56.0
-156.0,53.0
-150.0,49.0
-141.0,50.0
-130.0,48.0
-127.0,44.0
-134.0,46.0
-134.0,57.0
-136.0,58.0
-150.0,40.0
-150.0,32.0
-148.0,35.0
-148.0,45.0
-129.0,64.0
-129.0,71.0
-142.0,68.0
-142.0,61.0
-137.0,58.0
-123.0,63.0
-129.0,58.0
-133.0,50.0
-130.0,57.0
-134.0,66.0
-137.0,66.0
-132.0,75.0
-123.0,76.0
-118.0,73.0
-117.0,69.0
-121.0,60.0
-113.0,58.0
-111.0,60.0
-113.0,62.0
-121.0,60.0
-125.0,67.0
-120.0,72.0
-115.0,78.0
-118.0,82.0
-125.0,72.0
-134.0,68.0
-142.0,74.0
-136.0,76.0
-134.0,69.0
-131.0,65.0
-113.0,60.0
-105.0,61.0
-102.0,77.0
-102.0,72.0
-112.0,61.0
-122.0,68.0
-122.0,75.0
-125.0,65.0
-130.0,58.0
-133.0,62.0
-126.0,67.0
-119.0,79.0
-120.0,89.0
-115.0,90.0
-108.0,88.0
-110.0,79.0
-116.0,79.0
-117.0,83.0
-119.0,84.0
-116.0,84.0
-112.0,83.0
-114.0,78.0
-113.0,85.0
-111.0,92.0
-107.0,82.0
-103.0,85.0
-107.0,86.0
-114.0,74.0
-123.0,71.0
-120.0,96.0
-115.0,102.0
-124.0,84.0
-134.0,83.0
-124.0,87.0
-114.0,79.0
-115.0,72.0
-118.0,89.0
-119.0,101.0
-116.0,94.0
-112.0,79.0
-100.0,75.0
-93.0,77.0
-95.0,80.0
-109.0,82.0
-132.0,78.0
-127.0,78.0
-115.0,88.0
-115.0,100.0
-108.0,107.0
-106.0,100.0
-107.0,86.0
-110.0,81.0
-113.0,80.0
-110.0,81.0
-111.0,81.0
-110.0,85.0
-99.0,90.0
-98.0,89.0
-104.0,85.0
-111.0,96.0
-109.0,108.0
-109.0,111.0
-111.0,108.0
-108.0,103.0
-106.0,94.0
-100.0,96.0
-98.0,101.0
-98.0,96.0
-100.0,93.0
-96.0,102.0
-91.0,115.0
-96.0,123.0
-98.0,120.0
-95.0,109.0
-98.0,107.0
-110.0,115.0
-112.0,113.0
-101.0,104.0
-88.0,97.0
-77.0,110.0
-84.0,130.0
-94.0,128.0
-93.0,123.0
-90.0,131.0
-88.0,132.0
-86.0,125.0
-85.0,110.0
-82.0,108.0
-85.0,118.0
-93.0,120.0
-98.0,110.0
-104.0,112.0
-111.0,119.0
-103.0,113.0
-88.0,111.0
-83.0,118.0
-91.0,124.0
-107.0,119.0
-106.0,118.0
-96.0,122.0
-91.0,131.0
-96.0,127.0
-98.0,123.0
-87.0,122.0
-83.0,126.0
-93.0,127.0
-103.0,117.0
-95.0,111.0
-94.0,116.0
-104.0,125.0
-103.0,120.0
-90.0,119.0
-85.0,114.0
-83.0,119.0
-75.0,124.0
-78.0,119.0
-97.0,112.0
-106.0,113.0
-99.0,123.0
-87.0,131.0
-85.0,138.0
-84.0,137.0
-77.0,135.0
-85.0,130.0
-92.0,114.0
-87.0,115.0
-79.0,133.0
-77.0,138.0
-81.0,133.0
-80.0,123.0
-77.0,120.0
-74.0,129.0
-74.0,129.0
-76.0,133.0
-72.0,134.0
-69.0,130.0
-73.0,128.0
-71.0,130.0
-62.0,127.0
-61.0,119.0
-68.0,116.0
-72.0,128.0
-72.0,132.0
-62.0,134.0
-55.0,130.0
-56.0,122.0
-51.0,128.0
-47.0,139.0
-53.0,140.0
-63.0,131.0
-62.0,130.0
-53.0,139.0
-45.0,145.0
-46.0,141.0
-53.0,137.0
-63.0,145.0
-63.0,145.0
-68.0,142.0
-76.0,149.0
-73.0,158.0
-77.0,160.0
-77.0,153.0
-72.0,139.0
-59.0,129.0
-52.0,138.0
-55.0,144.0
-57.0,146.0
-53.0,151.0
-52.0,154.0
-50.0,148.0
-46.0,135.0
-36.0,131.0
-24.0,136.0
-19.0,136.0
-27.0,142.0
-41.0,147.0
-47.0,144.0
-44.0,135.0
-40.0,117.0
-35.0,118.0
-39.0,126.0
-54.0,134.0
-57.0,136.0
-52.0,127.0
-48.0,129.0
-35.0,144.0
-33.0,149.0
-44.0,151.0
-47.0,143.0
-47.0,134.0
-55.0,137.0
-51.0,134.0
-44.0,134.0
-40.0,133.0
-29.0,139.0
-30.0,143.0
-40.0,153.0
-40.0,152.0
-38.0,148.0
-37.0,153.0
-30.0,145.0
-23.0,141.0
-30.0,136.0
-30.0,139.0
-18.0,146.0
-25.0,143.0
-30.0,129.0
-31.0,131.0
-19.0,152.0
-9.0,155.0
-8.0,159.0
-9.0,167.0
-19.0,162.0
-18.0,144.0
-24.0,124.0
-32.0,134.0
-19.0,151.0
-19.0,157.0
-30.0,159.0
-30.0,159.0
-19.0,148.0
-16.0,139.0
-23.0,133.0
-12.0,128.0
9.0,123.0
9.0,130.0
-4.0,147.0
-13.0,144.0
-19.0,128.0
-25.0,131.0
-21.0,143.0
-9.0,145.0
0.0,139.0
-3.0,145.0
-12.0,154.0
-15.0,150.0
-10.0,149.0
-2.0,146.0
-6.0,138.0
-9.0,129.0
-6.0,136.0
-5.0,152.0
-4.0,157.0
-8.0,164.0
-10.0,164.0
-2.0,150.0
5.0,147.0
-3.0,154.0
-13.0,157.0
-8.0,146.0
8.0,139.0
12.0,148.0
0.0,146.0
-16.0,138.0
-25.0,147.0
-20.0,157.0
-3.0,161.0
9.0,159.0
11.0,155.0
6.0,152.0
9.0,146.0
8.0,148.0
-9.0,155.0
-12.0,161.0
0.0,156.0
9.0,143.0
11.0,143.0
6.0,141.0
6.0,132.0
6.0,131.0
4.0,143.0
5.0,146.0
8.0,146.0
15.0,153.0
19.0,155.0
16.0,147.0
18.0,142.0
18.0,138.0
18.0,142.0
9.0,153.0
7.0,153.0
15.0,147.0
12.0,139.0
3.0,135.0
1.0,138.0
6.0,141.0
11.0,145.0
18.0,148.0
15.0,147.0
13.0,150.0
21.0,144.0
31.0,143.0
30.0,148.0
31.0,149.0
33.0,148.0
35.0,147.0
39.0,138.0
33.0,138.0
27.0,136.0
9.0,138.0
6.0,141.0
17.0,134.0
25.0,128.0
36.0,125.0
29.0,130.0
23.0,142.0
26.0,150.0
21.0,150.0
23.0,145.0
35.0,134.0
38.0,127.0
32.0,129.0
39.0,135.0
42.0,145.0
33.0,150.0
26.0,148.0
27.0,143.0
28.0,150.0
27.0,157.0
29.0,154.0
34.0,134.0
37.0,125.0
43.0,133.0
50.0,136.0
41.0,133.0
36.0,142.0
42.0,150.0
50.0,145.0
51.0,131.0
49.0,122.0
52.0,125.0
55.0,127.0
54.0,132.0
59.0,139.0
61.0,134.0
56.0,134.0
45.0,132.0
33.0,127.0
38.0,125.0
51.0,123.0
54.0,126.0
53.0,131.0
44.0,135.0
43.0,133.0
52.0,129.0
51.0,136.0
55.0,147.0
62.0,142.0
52.0,134.0
42.0,127.0
52.0,122.0
63.0,124.0
67.0,126.0
61.0,124.0
46.0,127.0
41.0,139.0
51.0,146.0
57.0,145.0
51.0,131.0
54.0,132.0
68.0,143.0
69.0,135.0
64.0,122.0
59.0,130.0
61.0,139.0
57.0,130.0
51.0,123.0
56.0,124.0
58.0,132.0
54.0,132.0
49.0,128.0
43.0,128.0
59.0,125.0
75.0,122.0
68.0,123.0
63.0,131.0
63.0,139.0
63.0,140.0
57.0,132.0
59.0,123.0
64.0,123.0
73.0,131.0
83.0,134.0
78.0,130.0
62.0,128.0
60.0,133.0
67.0,129.0
76.0,124.0
72.0,130.0
70.0,137.0
79.0,128.0
78.0,125.0
77.0,129.0
79.0,115.0
83.0,115.0
82.0,129.0
83.0,131.0
77.0,122.0
67.0,126.0
71.0,130.0
80.0,120.0
81.0,111.0
86.0,113.0
84.0,119.0
80.0,119.0
87.0,114.0
94.0,112.0
91.0,114.0
83.0,104.0
89.0,98.0
98.0,115.0
82.0,123.0
82.0,112.0
102.0,111.0
104.0,109.0
91.0,110.0
79.0,119.0
80.0,121.0
94.0,128.0
108.0,125.0
98.0,120.0
84.0,123.0
78.0,132.0
79.0,128.0
84.0,115.0
88.0,104.0
97.0,119.0
108.0,132.0
110.0,117.0
103.0,110.0
101.0,111.0
97.0,112.0
95.0,110.0
96.0,110.0
96.0,118.0
92.0,120.0
79.0,113.0
75.0,106.0
84.0,107.0
93.0,120.0
98.0,119.0
94.0,115.0
92.0,109.0
98.0,99.0
103.0,87.0
109.0,83.0
101.0,82.0
95.0,81.0
108.0,98.0
107.0,106.0
104.0,110.0
107.0,115.0
113.0,108.0
116.0,97.0
111.0,98.0
112.0,107.0
117.0,113.0
118.0,110.0
113.0,105.0
114.0,99.0
127.0,95.0
117.0,101.0
110.0,102.0
123.0,96.0
125.0,88.0
119.0,84.0
114.0,81.0
105.0,89.0
99.0,100.0
102.0,105.0
101.0,95.0
104.0,89.0
112.0,92.0
124.0,88.0
134.0,88.0
139.0,90.0
135.0,87.0
120.0,85.0
111.0,81.0
111.0,81.0
111.0,84.0
109.0,86.0
108.0,82.0
109.0,82.0
121.0,73.0
133.0,64.0
121.0,73.0
114.0,75.0
118.0,79.0
122.0,88.0
119.0,89.0
119.0,86.0
118.0,83.0
117.0,83.0
117.0,79.0
117.0,69.0
123.0,60.0
138.0,61.0
146.0,83.0
140.0,95.0
130.0,101.0
126.0,102.0
126.0,83.0
128.0,63.0
134.0,62.0
134.0,72.0
134.0,81.0
132.0,78.0
130.0,61.0
132.0,59.0
129.0,71.0
124.0,73.0
127.0,69.0
125.0,71.0
123.0,76.0
125.0,79.0
129.0,81.0
133.0,72.0
135.0,59.0
131.0,63.0
123.0,77.0
118.0,76.0
114.0,68.0
119.0,63.0
122.0,60.0
129.0,61.0
147.0,60.0
151.0,71.0
139.0,78.0
137.0,81.0
135.0,76.0
129.0,79.0
132.0,75.0
138.0,57.0
141.0,52.0
135.0,63.0
141.0,68.0
146.0,61.0
145.0,52.0
143.0,55.0
146.0,61.0
151.0,66.0
147.0,59.0
142.0,41.0
147.0,46.0
141.0,66.0
133.0,66.0
137.0,54.0
139.0,53.0
142.0,54.0
140.0,50.0
137.0,49.0
143.0,46.0
149.0,42.0
150.0,46.0
142.0,54.0
144.0,50.0
146.0,32.0
147.0,30.0
147.0,46.0
128.0,48.0
113.0,43.0
127.0,41.0
138.0,46.0
143.0,49.0
145.0,44.0
138.0,37.0
145.0,40.0
160.0,47.0
162.0,45.0
156.0,36.0
147.0,34.0
141.0,49.0
146.0,51.0
152.0,40.0
148.0,30.0
142.0,29.0
138.0,22.0
130.0,26.0
123.0,37.0
122.0,38.0
133.0,32.0
148.0,28.0
148.0,41.0
144.0,54.0
154.0,53.0
155.0,40.0
154.0,33.0
156.0,27.0
153.0,25.0
154.0,28.0
156.0,26.0
150.0,27.0
147.0,33.0
150.0,36.0
151.0,26.0
152.0,18.0
150.0,23.0
141.0,20.0
143.0,20.0
151.0,19.0
147.0,23.0
156.0,35.0
173.0,31.0
175.0,26.0
159.0,26.0
147.0,32.0
154.0,37.0
149.0,29.0
148.0,18.0
157.0,19.0
167.0,33.0
172.0,28.0
160.0,11.0
148.0,4.0
148.0,4.0
144.0,2.0
142.0,12.0
148.0,23.0
151.0,24.0
153.0,10.0
151.0,2.0
145.0,7.0
147.0,2.0
156.0,-4.0
151.0,-7.0
144.0,-8.0
144.0,-9.0
153.0,-19.0
160.0,-21.0
161.0,-14.0
159.0,-5.0
150.0,2.0
148.0,-2.0
154.0,-5.0
154.0,-1.0
154.0,4.0
151.0,3.0
150.0,4.0
149.0,11.0
156.0,14.0
154.0,16.0
139.0,13.0
137.0,-6.0
141.0,-22.0
150.0,-16.0
152.0,-5.0
146.0,-5.0
139.0,-11.0
141.0,-14.0
147.0,0.0
154.0,4.0
160.0,-4.0
161.0,-5.0
154.0,-8.0
135.0,-16.0
140.0,-21.0
152.0,-7.0
159.0,8.0
165.0,-2.0
157.0,-16.0
145.0,-25.0
140.0,-37.0
145.0,-48.0
142.0,-42.0
142.0,-23.0
153.0,-12.0
159.0,-18.0
162.0,-23.0
158.0,-29.0
155.0,-33.0
148.0,-37.0
146.0,-25.0
151.0,-12.0
158.0,-12.0
157.0,-21.0
150.0,-21.0
152.0,-8.0
161.0,-7.0
156.0,-12.0
151.0,-29.0
153.0,-47.0
145.0,-51.0
140.0,-43.0
151.0,-34.0
153.0,-26.0
149.0,-28.0
146.0,-32.0
144.0,-32.0
133.0,-28.0
129.0,-22.0
139.0,-20.0
139.0,-23.0
136.0,-34.0
133.0,-39.0
144.0,-35.0
153.0,-29.0
144.0,-29.0
131.0,-30.0
134.0,-20.0
139.0,-22.0
144.0,-25.0
149.0,-15.0
153.0,-20.0
156.0,-42.0
153.0,-47.0
154.0,-44.0
154.0,-44.0
152.0,-38.0
153.0,-25.0
151.0,-20.0
147.0,-32.0
154.0,-42.0
163.0,-47.0
149.0,-36.0
137.0,-29.0
146.0,-25.0
149.0,-24.0
155.0,-30.0
151.0,-42.0
145.0,-42.0
147.0,-35.0
138.0,-44.0
127.0,-51.0
129.0,-61.0
137.0,-56.0
136.0,-42.0
138.0,-37.0
139.0,-37.0
136.0,-42.0
131.0,-48.0
138.0,-58.0
151.0,-73.0
145.0,-71.0
132.0,-51.0
132.0,-48.0
140.0,-60.0
132.0,-65.0
125.0,-51.0
135.0,-43.0
141.0,-44.0
142.0,-53.0
138.0,-61.0
133.0,-55.0
137.0,-48.0
145.0,-52.0
150.0,-64.0
148.0,-70.0
138.0,-68.0
129.0,-65.0
132.0,-64.0
140.0,-72.0
142.0,-82.0
137.0,-75.0
130.0,-66.0
123.0,-67.0
123.0,-65.0
125.0,-66.0
126.0,-66.0
130.0,-59.0
142.0,-61.0
149.0,-66.0
132.0,-72.0
120.0,-86.0
128.0,-87.0
141.0,-72.0
131.0,-58.0
114.0,-58.0
114.0,-67.0
125.0,-74.0
132.0,-87.0
132.0,-96.0
142.0,-87.0
144.0,-73.0
141.0,-71.0
133.0,-67.0
113.0,-63.0
97.0,-56.0
95.0,-61.0
109.0,-76.0
123.0,-81.0
116.0,-75.0
100.0,-84.0
101.0,-90.0
108.0,-80.0
112.0,-80.0
115.0,-78.0
111.0,-69.0
121.0,-71.0
127.0,-81.0
126.0,-81.0
117.0,-74.0
103.0,-67.0
113.0,-65.0
123.0,-73.0
125.0,-81.0
114.0,-89.0
100.0,-95.0
95.0,-97.0
101.0,-86.0
111.0,-74.0
115.0,-73.0
110.0,-75.0
109.0,-87.0
110.0,-100.0
113.0,-105.0
117.0,-90.0
114.0,-76.0
105.0,-86.0
103.0,-86.0
111.0,-91.0
111.0,-94.0
106.0,-98.0
103.0,-97.0
99.0,-87.0
101.0,-85.0
105.0,-84.0
108.0,-81.0
116.0,-78.0
115.0,-85.0
118.0,-93.0
111.0,-101.0
100.0,-104.0
104.0,-97.0
108.0,-90.0
105.0,-86.0
106.0,-92.0
111.0,-93.0
105.0,-91.0
92.0,-99.0
94.0,-106.0
99.0,-111.0
102.0,-107.0
110.0,-98.0
109.0,-100.0
94.0,-98.0
88.0,-99.0
89.0,-104.0
97.0,-104.0
105.0,-100.0
105.0,-103.0
106.0,-107.0
107.0,-107.0
103.0,-103.0
93.0,-104.0
95.0,-113.0
99.0,-118.0
97.0,-102.0
97.0,-79.0
94.0,-77.0
98.0,-85.0
95.0,-91.0
81.0,-91.0
91.0,-86.0
102.0,-90.0
98.0,-104.0
95.0,-107.0
97.0,-112.0
93.0,-120.0
88.0,-123.0
99.0,-130.0
98.0,-125.0
90.0,-109.0
93.0,-103.0
99.0,-104.0
101.0,-110.0
94.0,-121.0
87.0,-125.0
81.0,-119.0
80.0,-115.0
84.0,-117.0
82.0,-114.0
85.0,-111.0
87.0,-119.0
84.0,-126.0
87.0,-130.0
83.0,-136.0
82.0,-134.0
79.0,-137.0
73.0,-140.0
70.0,-134.0
81.0,-130.0
92.0,-132.0
83.0,-132.0
70.0,-126.0
71.0,-127.0
69.0,-137.0
76.0,-137.0
87.0,-132.0
86.0,-126.0
82.0,-120.0
80.0,-117.0
78.0,-114.0
71.0,-124.0
64.0,-127.0
63.0,-127.0
68.0,-126.0
85.0,-121.0
84.0,-119.0
63.0,-112.0
64.0,-114.0
81.0,-130.0
93.0,-140.0
84.0,-137.0
70.0,-139.0
68.0,-139.0
73.0,-136.0
79.0,-145.0
76.0,-137.0
62.0,-127.0
51.0,-136.0
64.0,-137.0
81.0,-130.0
69.0,-139.0
64.0,-149.0
67.0,-138.0
57.0,-135.0
52.0,-142.0
58.0,-141.0
57.0,-129.0
54.0,-136.0
65.0,-144.0
70.0,-141.0
63.0,-144.0
62.0,-143.0
58.0,-139.0
40.0,-129.0
37.0,-126.0
47.0,-140.0
55.0,-142.0
58.0,-135.0
57.0,-136.0
57.0,-147.0
50.0,-151.0
45.0,-143.0
46.0,-142.0
47.0,-155.0
41.0,-151.0
44.0,-139.0
46.0,-142.0
50.0,-151.0
60.0,-136.0
57.0,-128.0
57.0,-133.0
50.0,-140.0
30.0,-155.0
15.0,-155.0
24.0,-146.0
45.0,-143.0
44.0,-156.0
35.0,-155.0
31.0,-150.0
23.0,-152.0
26.0,-159.0
34.0,-163.0
38.0,-152.0
28.0,-149.0
12.0,-147.0
21.0,-145.0
43.0,-140.0
52.0,-139.0
43.0,-143.0
27.0,-146.0
28.0,-144.0
19.0,-146.0
-7.0,-150.0
3.0,-153.0
35.0,-158.0
55.0,-154.0
44.0,-153.0
25.0,-160.0
21.0,-160.0
30.0,-161.0
36.0,-150.0
39.0,-151.0
30.0,-159.0
24.0,-159.0
27.0,-152.0
32.0,-146.0
13.0,-142.0
5.0,-142.0
17.0,-145.0
29.0,-137.0
34.0,-136.0
27.0,-141.0
21.0,-145.0
17.0,-150.0
11.0,-155.0
-5.0,-160.0
-15.0,-165.0
-1.0,-158.0
14.0,-151.0
9.0,-150.0
-2.0,-160.0
-1.0,-167.0
6.0,-169.0
9.0,-164.0
18.0,-157.0
24.0,-159.0
18.0,-156.0
16.0,-150.0
19.0,-134.0
15.0,-126.0
14.0,-129.0
15.0,-136.0
9.0,-141.0
13.0,-144.0
17.0,-140.0
10.0,-137.0
10.0,-144.0
6.0,-148.0
-7.0,-142.0
-7.0,-136.0
4.0,-147.0
15.0,-151.0
20.0,-149.0
17.0,-158.0
12.0,-155.0
1.0,-160.0
-1.0,-155.0
-2.0,-141.0
-5.0,-151.0
-9.0,-160.0
-2.0,-164.0
-5.0,-157.0
-5.0,-146.0
-3.0,-150.0
-3.0,-154.0
-4.0,-161.0
-13.0,-164.0
-12.0,-163.0
-4.0,-163.0
-2.0,-161.0
-2.0,-159.0
-8.0,-160.0
-19.0,-159.0
-22.0,-158.0
-7.0,-160.0
2.0,-159.0
-6.0,-157.0
-13.0,-149.0
-21.0,-143.0
-17.0,-148.0
-6.0,-155.0
0.0,-159.0
-1.0,-157.0
-7.0,-161.0
-7.0,-160.0
-2.0,-160.0
-2.0,-160.0
-20.0,-159.0
-30.0,-165.0
-25.0,-155.0
-24.0,-140.0
-13.0,-142.0
-11.0,-143.0
-31.0,-150.0
-23.0,-166.0
-14.0,-172.0
-25.0,-154.0
-26.0,-143.0
-26.0,-154.0
-26.0,-154.0
-25.0,-154.0
-13.0,-145.0
-9.0,-137.0
-19.0,-132.0
-24.0,-120.0
-20.0,-122.0
-18.0,-142.0
-25.0,-144.0
-34.0,-150.0
-32.0,-163.0
-25.0,-158.0
-22.0,-153.0
-25.0,-153.0
-24.0,-155.0
-27.0,-150.0
-32.0,-153.0
-33.0,-154.0
-36.0,-154.0
-37.0,-151.0
-40.0,-149.0
-42.0,-152.0
-37.0,-150.0
-33.0,-150.0
-43.0,-157.0
-54.0,-151.0
-50.0,-135.0
-48.0,-132.0
-56.0,-145.0
-61.0,-157.0
-59.0,-156.0
-63.0,-151.0
-66.0,-149.0
-59.0,-148.0
-54.0,-153.0
-54.0,-143.0
-59.0,-125.0
-54.0,-130.0
-52.0,-147.0
-58.0,-142.0
-59.0,-143.0
-58.0,-155.0
-62.0,-149.0
-64.0,-145.0
-65.0,-150.0
-68.0,-155.0
-71.0,-154.0
-72.0,-150.0
-68.0,-146.0
-58.0,-139.0
-46.0,-135.0
-41.0,-144.0
-46.0,-151.0
-48.0,-154.0
-45.0,-150.0
-52.0,-149.0
-55.0,-156.0
-58.0,-143.0
-69.0,-123.0
-74.0,-127.0
-67.0,-142.0
-60.0,-148.0
-59.0,-139.0
-63.0,-139.0
-73.0,-154.0
-77.0,-152.0
-73.0,-141.0
-64.0,-137.0
-55.0,-144.0
-56.0,-149.0
-53.0,-149.0
-50.0,-136.0
-62.0,-126.0
-76.0,-135.0
-82.0,-138.0
-88.0,-129.0
-86.0,-133.0
-74.0,-144.0
-72.0,-129.0
-76.0,-111.0
-75.0,-116.0
-73.0,-123.0
-70.0,-127.0
-76.0,-137.0
-78.0,-140.0
-76.0,-134.0
-78.0,-131.0
-81.0,-128.0
-70.0,-129.0
-54.0,-130.0
-66.0,-126.0
-78.0,-140.0
-82.0,-146.0
-83.0,-134.0
-79.0,-123.0
-79.0,-119.0
-82.0,-121.0
-91.0,-125.0
-92.0,-135.0
-90.0,-131.0
-95.0,-125.0
-98.0,-135.0
-95.0,-141.0
-96.0,-137.0
-91.0,-127.0
-78.0,-124.0
-82.0,-117.0
-78.0,-112.0
-80.0,-127.0
-95.0,-135.0
-98.0,-129.0
-98.0,-118.0
-99.0,-118.0
-94.0,-116.0
-101.0,-105.0
-104.0,-107.0
-96.0,-112.0
-97.0,-120.0
-116.0,-125.0
-110.0,-119.0
-94.0,-114.0
-97.0,-110.0
-108.0,-111.0
-113.0,-118.0
-106.0,-115.0
-102.0,-109.0
-99.0,-116.0
-101.0,-114.0
-103.0,-104.0
-107.0,-104.0
-114.0,-100.0
-125.0,-94.0
-133.0,-95.0
-122.0,-108.0
-103.0,-127.0
-91.0,-127.0
-93.0,-114.0
-98.0,-102.0
-103.0,-91.0
-111.0,-91.0
-124.0,-96.0
-123.0,-98.0
-110.0,-92.0
-87.0,-94.0
-104.0,-101.0
-128.0,-103.0
-121.0,-96.0
-111.0,-93.0
-112.0,-102.0
-125.0,-112.0
-123.0,-108.0
-113.0,-103.0
-113.0,-104.0
-109.0,-101.0
-105.0,-96.0
-117.0,-95.0
-128.0,-95.0
-125.0,-108.0
-124.0,-109.0
-117.0,-96.0
-112.0,-97.0
-118.0,-99.0
-135.0,-95.0
-133.0,-90.0
-122.0,-96.0
-116.0,-94.0
-118.0,-88.0
-116.0,-103.0
-108.0,-115.0
-110.0,-105.0
-116.0,-86.0
-115.0,-87.0
-107.0,-102.0
-114.0,-110.0
-122.0,-105.0
-118.0,-100.0
-119.0,-97.0
-114.0,-98.0
-106.0,-100.0
-111.0,-95.0
-128.0,-93.0
-131.0,-93.0
-114.0,-93.0
-107.0,-83.0
-113.0,-86.0
-120.0,-93.0
-122.0,-86.0
-121.0,-80.0
-124.0,-86.0
-122.0,-105.0
-110.0,-116.0
-102.0,-116.0
-107.0,-115.0
-106.0,-111.0
-100.0,-97.0
-113.0,-87.0
-133.0,-86.0
-141.0,-77.0
-132.0,-78.0
-119.0,-86.0
-119.0,-91.0
-131.0,-86.0
-133.0,-80.0
-121.0,-72.0
-118.0,-63.0
-124.0,-75.0
-129.0,-103.0
-137.0,-101.0
-127.0,-83.0
-119.0,-84.0
-127.0,-85.0
-141.0,-79.0
-143.0,-71.0
-133.0,-80.0
-134.0,-86.0
-137.0,-79.0
-142.0,-76.0
-137.0,-70.0
-130.0,-58.0
-135.0,-67.0
-142.0,-81.0
-142.0,-76.0
-132.0,-72.0
-131.0,-68.0
-130.0,-66.0
-124.0,-67.0
-122.0,-70.0
-121.0,-75.0
-128.0,-76.0
-138.0,-71.0
-144.0,-79.0
-143.0,-82.0
-134.0,-71.0
-135.0,-63.0
-148.0,-71.0
-143.0,-79.0
-129.0,-75.0
-130.0,-71.0
-130.0,-67.0
-130.0,-67.0
-131.0,-67.0
-126.0,-56.0
-125.0,-41.0
-122.0,-41.0
-127.0,-61.0
-138.0,-70.0
-139.0,-57.0
-141.0,-46.0
-140.0,-45.0
-136.0,-55.0
-136.0,-57.0
-133.0,-45.0
-134.0,-42.0
-136.0,-44.0
-132.0,-42.0
-128.0,-41.0
-124.0,-35.0
-134.0,-36.0
-152.0,-50.0
-154.0,-52.0
-139.0,-37.0
-122.0,-22.0
-132.0,-45.0
-149.0,-62.0
-146.0,-64.0
-133.0,-59.0
-138.0,-43.0
-143.0,-48.0
-145.0,-54.0
-152.0,-51.0
-146.0,-49.0
-143.0,-37.0
-153.0,-25.0
-160.0,-27.0
-154.0,-36.0
-142.0,-45.0
-142.0,-48.0
-148.0,-39.0
-141.0,-42.0
-128.0,-53.0
-125.0,-49.0
-135.0,-39.0
-139.0,-29.0
-142.0,-21.0
-156.0,-29.0
-155.0,-45.0
-154.0,-41.0
-154.0,-31.0
-142.0,-20.0
-134.0,-24.0
-126.0,-36.0
-131.0,-40.0
-144.0,-30.0
-148.0,-27.0
-141.0,-37.0
-142.0,-46.0
-156.0,-36.0
-156.0,-13.0
-148.0,-14.0
-139.0,-30.0
-139.0,-31.0
-136.0,-21.0
-132.0,-30.0
-136.0,-47.0
-145.0,-49.0
-146.0,-41.0
-142.0,-30.0
-140.0,-32.0
-134.0,-32.0
-139.0,-25.0
-155.0,-25.0
-161.0,-25.0
-161.0,-25.0
-156.0,-22.0
-152.0,-19.0
-148.0,-15.0
-149.0,-9.0
-152.0,-10.0
-162.0,-16.0
-161.0,-11.0
-143.0,-11.0
-132.0,-11.0
-137.0,-8.0
-153.0,-5.0
-157.0,-5.0
-143.0,-10.0
-134.0,-16.0
-146.0,-17.0
-160.0,-14.0
-143.0,-7.0
-126.0,-6.0
-135.0,-13.0
-141.0,-15.0
-155.0,-8.0
-163.0,1.0
-155.0,0.0
-145.0,-6.0
-141.0,-9.0
-148.0,-7.0
-149.0,-3.0
-147.0,-4.0
-149.0,3.0
-153.0,-1.0
-155.0,-1.0
-150.0,1.0
-141.0,-2.0
-141.0,5.0
-147.0,7.0
-152.0,-3.0
-162.0,-14.0
-173.0,-13.0
-175.0,-5.0
-175.0,2.0
-172.0,7.0
-170.0,5.0
-160.0,8.0
-154.0,9.0
-156.0,6.0
-159.0,5.0
-144.0,6.0
-141.0,5.0
-157.0,1.0
-170.0,11.0
-165.0,19.0
-156.0,6.0
-173.0,-4.0
-175.0,-5.0
-154.0,5.0
-148.0,-2.0
-164.0,-1.0
-175.0,11.0
-165.0,20.0
-154.0,29.0
-153.0,26.0
-152.0,19.0
-154.0,18.0
-144.0,28.0
-140.0,22.0
-145.0,10.0
-148.0,17.0
-149.0,37.0
-146.0,38.0
-157.0,25.0
-149.0,12.0
-128.0,15.0
-126.0,18.0
-140.0,18.0
-147.0,23.0
-142.0,33.0
-143.0,38.0
-145.0,35.0
-148.0,37.0
-146.0,40.0
-143.0,33.0
-144.0,27.0
-140.0,25.0
-132.0,27.0
-139.0,28.0
-147.0,28.0
-142.0,32.0
-133.0,30.0
-130.0,28.0
-133.0,24.0
-143.0,25.0
-148.0,27.0
-141.0,28.0
-133.0,26.0
-137.0,32.0
-146.0,25.0
-147.0,31.0
-151.0,54.0
-148.0,60.0
-156.0,49.0
-162.0,42.0
-154.0,44.0
-145.0,49.0
-148.0,47.0
-159.0,46.0
-150.0,47.0
-136.0,37.0
-133.0,38.0
-140.0,55.0
-150.0,62.0
-146.0,55.0
-131.0,51.0
-124.0,51.0
-117.0,47.0
-116.0,52.0
-125.0,54.0
-142.0,59.0
-141.0,62.0
-132.0,56.0
-129.0,59.0
-131.0,66.0
-144.0,61.0
-146.0,48.0
-140.0,40.0
-131.0,44.0
-130.0,52.0
-132.0,52.0
-128.0,52.0
-116.0,53.0
-119.0,57.0
-137.0,55.0
-141.0,56.0
-123.0,58.0
-112.0,60.0
-125.0,66.0
-132.0,68.0
-131.0,77.0
-129.0,77.0
-131.0,69.0
-140.0,63.0
-146.0,58.0
-135.0,56.0
-135.0,66.0
-142.0,75.0
-135.0,74.0
-117.0,71.0
-110.0,70.0
-123.0,75.0
-133.0,77.0
-134.0,77.0
-132.0,73.0
-131.0,72.0
-122.0,78.0
-117.0,86.0
-116.0,81.0
-115.0,77.0
-122.0,81.0
-134.0,78.0
-143.0,67.0
-130.0,66.0
-112.0,76.0
-111.0,80.0
-113.0,69.0
-127.0,58.0
-143.0,73.0
-134.0,79.0
-123.0,73.0
-118.0,79.0
-123.0,87.0
-131.0,86.0
-130.0,86.0
-121.0,95.0
-113.0,95.0
-115.0,86.0
-116.0,82.0
-113.0,85.0
-115.0,90.0
-121.0,84.0
-131.0,74.0
-130.0,77.0
-127.0,93.0
-130.0,103.0
-123.0,103.0
-109.0,102.0
-103.0,95.0
-104.0,88.0
-95.0,100.0
-96.0,99.0
-116.0,88.0
-131.0,92.0
-123.0,89.0
-111.0,80.0
-110.0,81.0
-105.0,82.0
-99.0,87.0
-109.0,96.0
-116.0,103.0
-119.0,99.0
-126.0,93.0
-132.0,89.0
-133.0,93.0
-125.0,89.0
-111.0,89.0
-107.0,91.0
-111.0,89.0
-109.0,102.0
-105.0,106.0
-108.0,100.0
-101.0,97.0
-100.0,102.0
-112.0,105.0
-110.0,100.0
-110.0,96.0
-117.0,105.0
-122.0,116.0
-122.0,118.0
-119.0,103.0
-115.0,104.0
-109.0,120.0
-106.0,119.0
-101.0,108.0
-87.0,102.0
-84.0,99.0
-90.0,99.0
-97.0,109.0
-109.0,113.0
-121.0,109.0
-118.0,105.0
-106.0,104.0
-104.0,101.0
-110.0,99.0
-115.0,96.0
-118.0,100.0
-112.0,106.0
-115.0,116.0
-115.0,120.0
-102.0,115.0
-97.0,114.0
-101.0,121.0
-114.0,131.0
-118.0,131.0
-104.0,119.0
-92.0,109.0
-99.0,112.0
-105.0,126.0
-100.0,132.0
-109.0,123.0
-119.0,116.0
-108.0,109.0
-96.0,117.0
-82.0,124.0
-64.0,118.0
-61.0,118.0
-76.0,123.0
-82.0,134.0
-92.0,130.0
-95.0,121.0
-90.0,120.0
-92.0,123.0
-95.0,129.0
-91.0,127.0
-76.0,122.0
-77.0,119.0
-76.0,123.0
-70.0,128.0
-70.0,125.0
-83.0,130.0
-99.0,121.0
-90.0,112.0
-82.0,111.0
-82.0,114.0
-83.0,127.0
-80.0,136.0
-71.0,141.0
-75.0,142.0
-83.0,137.0
-84.0,134.0
-84.0,130.0
-84.0,131.0
-84.0,130.0
-84.0,125.0
-79.0,126.0
-75.0,139.0
-77.0,141.0
-70.0,135.0
-62.0,127.0
-71.0,127.0
-84.0,131.0
-82.0,121.0
-74.0,131.0
-75.0,144.0
-77.0,155.0
-74.0,146.0
-78.0,133.0
-86.0,135.0
-95.0,140.0
-83.0,138.0
-70.0,135.0
-63.0,132.0
-61.0,128.0
-69.0,135.0
-79.0,141.0
-75.0,131.0
-66.0,125.0
-58.0,130.0
-56.0,121.0
-68.0,118.0
-74.0,130.0
-68.0,138.0
-63.0,138.0
-61.0,137.0
-60.0,130.0
-59.0,126.0
-59.0,129.0
-61.0,141.0
-66.0,137.0
-67.0,135.0
-63.0,140.0
-60.0,134.0
-71.0,133.0
-79.0,128.0
-69.0,129.0
-63.0,141.0
-60.0,150.0
-53.0,144.0
-47.0,138.0
-49.0,137.0
-53.0,138.0
-46.0,131.0
-42.0,120.0
-46.0,117.0
-51.0,119.0
-47.0,123.0
-39.0,139.0
-46.0,143.0
-57.0,135.0
-57.0,147.0
-45.0,152.0
-35.0,151.0
-40.0,144.0
-51.0,141.0
-53.0,142.0
-48.0,149.0
-53.0,156.0
-50.0,150.0
-41.0,155.0
-31.0,159.0
-37.0,152.0
-41.0,146.0
-35.0,138.0
-35.0,142.0
-35.0,143.0
-33.0,140.0
-32.0,146.0
-52.0,151.0
-54.0,161.0
-41.0,154.0
-24.0,147.0
-21.0,152.0
-28.0,150.0
-28.0,143.0
-35.0,139.0
-34.0,150.0
-23.0,156.0
-18.0,154.0
-19.0,156.0
-18.0,155.0
-17.0,145.0
-22.0,133.0
-24.0,138.0
-21.0,162.0
-21.0,166.0
-13.0,152.0
-12.0,146.0
-18.0,149.0
-18.0,162.0
-10.0,162.0
-12.0,146.0
-17.0,145.0
-27.0,162.0
-26.0,164.0
-18.0,147.0
-25.0,145.0
-32.0,150.0
-34.0,149.0
-36.0,157.0
-31.0,161.0
-16.0,157.0
-17.0,165.0
-29.0,156.0
-28.0,151.0
-23.0,147.0
-30.0,141.0
-34.0,151.0
-20.0,163.0
-17.0,169.0
-25.0,164.0
-15.0,166.0
-2.0,165.0
-5.0,163.0
-12.0,162.0
-16.0,159.0
-10.0,156.0
-12.0,158.0
-8.0,163.0
-9.0,162.0
-21.0,154.0
-23.0,145.0
-14.0,145.0
-5.0,153.0
1.0,157.0
11.0,160.0
15.0,163.0
12.0,169.0
0.0,166.0
-12.0,151.0
-16.0,145.0
-13.0,150.0
1.0,156.0
8.0,153.0
9.0,159.0
1.0,162.0
-10.0,152.0
-6.0,150.0
6.0,157.0
16.0,162.0
23.0,157.0
11.0,154.0
4.0,164.0
-3.0,160.0
-4.0,147.0
4.0,138.0
4.0,145.0
8.0,153.0
13.0,144.0
13.0,140.0
13.0,152.0
16.0,167.0
12.0,162.0
4.0,149.0
14.0,145.0
30.0,148.0
35.0,146.0
33.0,144.0
32.0,138.0
38.0,142.0
23.0,151.0
5.0,154.0
8.0,160.0
28.0,171.0
38.0,164.0
29.0,146.0
20.0,143.0
21.0,155.0
17.0,161.0
24.0,150.0
22.0,138.0
11.0,136.0
10.0,140.0
28.0,143.0
37.0,150.0
31.0,156.0
28.0,141.0
33.0,130.0
29.0,131.0
17.0,135.0
27.0,150.0
36.0,158.0
36.0,148.0
41.0,137.0
41.0,143.0
41.0,161.0
41.0,173.0
39.0,159.0
29.0,138.0
19.0,145.0
19.0,163.0
28.0,161.0
35.0,145.0
43.0,139.0
51.0,138.0
49.0,138.0
40.0,132.0
36.0,133.0
40.0,147.0
38.0,162.0
45.0,163.0
48.0,160.0
41.0,156.0
47.0,142.0
45.0,132.0
39.0,141.0
34.0,159.0
39.0,161.0
46.0,149.0
47.0,137.0
41.0,132.0
41.0,137.0
39.0,148.0
33.0,149.0
42.0,142.0
43.0,137.0
38.0,138.0
48.0,136.0
60.0,129.0
69.0,133.0
67.0,147.0
54.0,147.0
44.0,137.0
52.0,130.0
57.0,129.0
52.0,135.0
44.0,143.0
48.0,146.0
51.0,149.0
44.0,149.0
39.0,147.0
23.0,141.0
24.0,137.0
48.0,124.0
61.0,115.0
56.0,118.0
56.0,131.0
54.0,136.0
57.0,131.0
58.0,127.0
60.0,127.0
68.0,135.0
67.0,141.0
61.0,143.0
60.0,133.0
65.0,125.0
68.0,117.0
60.0,110.0
62.0,117.0
72.0,129.0
74.0,130.0
77.0,133.0
85.0,136.0
87.0,134.0
83.0,144.0
74.0,154.0
70.0,151.0
65.0,140.0
71.0,138.0
92.0,131.0
102.0,125.0
90.0,124.0
83.0,121.0
83.0,125.0
79.0,141.0
75.0,134.0
77.0,125.0
80.0,125.0
80.0,120.0
75.0,116.0
73.0,115.0
80.0,118.0
86.0,121.0
85.0,117.0
83.0,118.0
79.0,118.0
80.0,114.0
77.0,114.0
68.0,110.0
71.0,114.0
83.0,124.0
93.0,122.0
92.0,111.0
96.0,118.0
99.0,129.0
94.0,121.0
89.0,109.0
87.0,102.0
89.0,105.0
94.0,105.0
99.0,108.0
101.0,112.0
93.0,119.0
89.0,122.0
91.0,131.0
97.0,121.0
103.0,106.0
99.0,99.0
91.0,100.0
98.0,101.0
102.0,98.0
102.0,106.0
118.0,116.0
119.0,117.0
106.0,113.0
98.0,109.0
93.0,97.0
100.0,87.0
99.0,90.0
85.0,103.0
90.0,103.0
105.0,91.0
108.0,82.0
105.0,83.0
97.0,87.0
87.0,89.0
87.0,86.0
92.0,96.0
92.0,109.0
97.0,116.0
101.0,110.0
106.0,98.0
110.0,99.0
110.0,98.0
109.0,88.0
106.0,83.0
108.0,82.0
113.0,86.0
127.0,101.0
134.0,107.0
131.0,99.0
121.0,89.0
113.0,93.0
110.0,94.0
115.0,95.0
127.0,105.0
125.0,104.0
110.0,95.0
96.0,89.0
94.0,82.0
90.0,82.0
99.0,83.0
111.0,87.0
116.0,95.0
114.0,98.0
115.0,98.0
117.0,99.0
117.0,93.0
113.0,88.0
104.0,79.0
108.0,73.0
109.0,84.0
107.0,91.0
108.0,83.0
110.0,79.0
109.0,83.0
111.0,81.0
110.0,76.0
105.0,69.0
117.0,71.0
117.0,73.0
109.0,76.0
111.0,74.0
108.0,70.0
109.0,72.0
115.0,80.0
113.0,70.0
116.0,55.0
127.0,56.0
116.0,71.0
102.0,76.0
102.0,69.0
115.0,72.0
121.0,75.0
124.0,72.0
122.0,69.0
119.0,76.0
120.0,71.0
124.0,56.0
129.0,50.0
141.0,72.0
151.0,90.0
141.0,80.0
130.0,66.0
131.0,60.0
135.0,62.0
131.0,61.0
132.0,53.0
134.0,58.0
128.0,59.0
126.0,58.0
125.0,72.0
127.0,83.0
126.0,76.0
116.0,64.0
112.0,55.0
111.0,49.0
118.0,46.0
126.0,59.0
132.0,77.0
128.0,82.0
127.0,73.0
127.0,69.0
114.0,77.0
114.0,74.0
128.0,55.0
140.0,47.0
141.0,49.0
137.0,56.0
136.0,67.0
140.0,64.0
142.0,56.0
142.0,50.0
138.0,58.0
125.0,63.0
122.0,52.0
133.0,37.0
132.0,33.0
128.0,42.0
135.0,48.0
141.0,54.0
146.0,62.0
150.0,62.0
139.0,65.0
126.0,72.0
129.0,70.0
137.0,64.0
136.0,67.0
134.0,65.0
140.0,57.0
149.0,54.0
152.0,51.0
151.0,46.0
141.0,46.0
133.0,48.0
133.0,57.0
124.0,59.0
131.0,47.0
143.0,40.0
138.0,37.0
135.0,40.0
142.0,42.0
146.0,50.0
138.0,47.0
133.0,46.0
134.0,41.0
137.0,33.0
145.0,51.0
145.0,58.0
147.0,38.0
150.0,14.0
149.0,12.0
150.0,31.0
144.0,43.0
134.0,32.0
128.0,14.0
136.0,17.0
152.0,28.0
152.0,32.0
133.0,35.0
124.0,32.0
127.0,21.0
128.0,14.0
134.0,28.0
142.0,27.0
144.0,20.0
140.0,28.0
146.0,34.0
158.0,29.0
149.0,22.0
141.0,29.0
137.0,36.0
141.0,33.0
157.0,43.0
162.0,44.0
157.0,27.0
157.0,24.0
163.0,30.0
154.0,35.0
145.0,28.0
142.0,20.0
134.0,20.0
140.0,21.0
146.0,20.0
159.0,8.0
180.0,4.0
188.0,14.0
172.0,15.0
151.0,16.0
155.0,5.0
159.0,6.0
156.0,14.0
159.0,10.0
167.0,-8.0
169.0,-11.0
168.0,-2.0
170.0,-2.0
153.0,-8.0
141.0,-6.0
143.0,-1.0
147.0,2.0
143.0,7.0
135.0,1.0
134.0,-3.0
144.0,-2.0
151.0,1.0
147.0,4.0
143.0,5.0
141.0,-1.0
137.0,-3.0
143.0,2.0
166.0,3.0
169.0,6.0
155.0,5.0
142.0,-6.0
148.0,-12.0
153.0,-4.0
152.0,8.0
150.0,5.0
134.0,-3.0
125.0,-4.0
140.0,6.0
153.0,16.0
149.0,9.0
145.0,-2.0
147.0,-20.0
157.0,-28.0
152.0,-15.0
140.0,-11.0
140.0,-10.0
144.0,-6.0
148.0,-9.0
150.0,-11.0
149.0,-10.0
140.0,-19.0
135.0,-22.0
139.0,-20.0
145.0,-23.0
144.0,-24.0
143.0,-37.0
154.0,-45.0
153.0,-31.0
142.0,-16.0
146.0,-14.0
153.0,-13.0
154.0,-23.0
150.0,-35.0
154.0,-38.0
152.0,-27.0
144.0,-21.0
145.0,-26.0
148.0,-35.0
156.0,-37.0
155.0,-24.0
156.0,-25.0
154.0,-41.0
162.0,-36.0
162.0,-12.0
155.0,-8.0
155.0,-21.0
142.0,-20.0
126.0,-18.0
132.0,-18.0
150.0,-23.0
148.0,-29.0
142.0,-27.0
142.0,-27.0
139.0,-31.0
141.0,-20.0
142.0,-16.0
149.0,-16.0
144.0,-18.0
132.0,-25.0
139.0,-27.0
143.0,-33.0
147.0,-43.0
151.0,-45.0
147.0,-41.0
153.0,-39.0
157.0,-36.0
142.0,-39.0
126.0,-46.0
133.0,-52.0
137.0,-52.0
133.0,-50.0
138.0,-44.0
138.0,-33.0
141.0,-31.0
142.0,-36.0
144.0,-48.0
145.0,-51.0
137.0,-47.0
128.0,-39.0
126.0,-36.0
127.0,-41.0
132.0,-49.0
137.0,-43.0
137.0,-36.0
140.0,-38.0
133.0,-52.0
117.0,-63.0
123.0,-50.0
136.0,-36.0
138.0,-40.0
133.0,-59.0
134.0,-68.0
139.0,-62.0
138.0,-49.0
145.0,-47.0
150.0,-50.0
136.0,-55.0
136.0,-49.0
144.0,-47.0
143.0,-53.0
138.0,-52.0
137.0,-59.0
134.0,-64.0
127.0,-64.0
128.0,-56.0
127.0,-45.0
123.0,-46.0
132.0,-40.0
141.0,-41.0
133.0,-44.0
125.0,-36.0
129.0,-42.0
137.0,-51.0
144.0,-52.0
147.0,-60.0
137.0,-58.0
130.0,-54.0
132.0,-54.0
138.0,-63.0
140.0,-72.0
134.0,-79.0
132.0,-73.0
123.0,-64.0
122.0,-63.0
126.0,-60.0
129.0,-60.0
130.0,-72.0
126.0,-74.0
126.0,-67.0
126.0,-71.0
136.0,-73.0
127.0,-74.0
122.0,-70.0
130.0,-69.0
126.0,-77.0
125.0,-77.0
127.0,-66.0
115.0,-65.0
121.0,-62.0
135.0,-58.0
135.0,-72.0
119.0,-95.0
110.0,-99.0
107.0,-85.0
110.0,-65.0
116.0,-69.0
124.0,-81.0
120.0,-82.0
116.0,-80.0
117.0,-77.0
109.0,-79.0
100.0,-90.0
102.0,-87.0
112.0,-79.0
119.0,-86.0
116.0,-83.0
121.0,-79.0
137.0,-93.0
133.0,-99.0
118.0,-89.0
109.0,-80.0
113.0,-81.0
117.0,-82.0
112.0,-78.0
106.0,-71.0
99.0,-60.0
114.0,-68.0
121.0,-86.0
115.0,-90.0
113.0,-76.0
105.0,-77.0
105.0,-93.0
119.0,-94.0
120.0,-87.0
106.0,-91.0
108.0,-92.0
110.0,-92.0
105.0,-93.0
107.0,-99.0
115.0,-104.0
120.0,-101.0
107.0,-98.0
94.0,-94.0
102.0,-95.0
109.0,-108.0
101.0,-115.0
99.0,-109.0
106.0,-105.0
117.0,-108.0
121.0,-105.0
121.0,-99.0
110.0,-107.0
102.0,-114.0
102.0,-109.0
107.0,-102.0
111.0,-92.0
103.0,-91.0
98.0,-99.0
107.0,-110.0
110.0,-106.0
112.0,-105.0
108.0,-117.0
104.0,-114.0
92.0,-104.0
83.0,-99.0
83.0,-106.0
94.0,-114.0
93.0,-115.0
82.0,-123.0
76.0,-122.0
85.0,-109.0
99.0,-103.0
100.0,-108.0
92.0,-120.0
83.0,-124.0
81.0,-117.0
87.0,-118.0
97.0,-118.0
97.0,-109.0
99.0,-108.0
102.0,-110.0
104.0,-111.0
101.0,-103.0
90.0,-95.0
84.0,-100.0
81.0,-106.0
87.0,-108.0
92.0,-101.0
81.0,-95.0
69.0,-102.0
74.0,-110.0
88.0,-109.0
88.0,-106.0
88.0,-109.0
88.0,-106.0
76.0,-112.0
67.0,-112.0
68.0,-116.0
82.0,-123.0
87.0,-115.0
81.0,-111.0
84.0,-109.0
93.0,-108.0
87.0,-100.0
74.0,-112.0
73.0,-117.0
82.0,-107.0
75.0,-107.0
67.0,-114.0
77.0,-117.0
75.0,-112.0
66.0,-116.0
71.0,-124.0
77.0,-125.0
75.0,-121.0
68.0,-129.0
67.0,-131.0
77.0,-121.0
83.0,-114.0
80.0,-121.0
73.0,-128.0
64.0,-126.0
52.0,-118.0
60.0,-117.0
66.0,-117.0
60.0,-121.0
63.0,-135.0
71.0,-140.0
69.0,-128.0
65.0,-128.0
65.0,-139.0
67.0,-137.0
63.0,-131.0
58.0,-131.0
56.0,-137.0
56.0,-139.0
58.0,-134.0
66.0,-134.0
62.0,-137.0
59.0,-137.0
65.0,-132.0
64.0,-127.0
56.0,-126.0
48.0,-127.0
48.0,-134.0
51.0,-132.0
52.0,-128.0
54.0,-137.0
57.0,-142.0
57.0,-146.0
66.0,-150.0
75.0,-143.0
67.0,-134.0
64.0,-126.0
66.0,-132.0
57.0,-138.0
50.0,-133.0
52.0,-137.0
55.0,-140.0
50.0,-136.0
40.0,-135.0
38.0,-134.0
37.0,-126.0
41.0,-144.0
48.0,-158.0
43.0,-148.0
35.0,-135.0
29.0,-127.0
32.0,-118.0
47.0,-120.0
50.0,-136.0
46.0,-141.0
33.0,-138.0
26.0,-146.0
35.0,-145.0
47.0,-136.0
40.0,-138.0
30.0,-148.0
34.0,-144.0
40.0,-150.0
45.0,-158.0
45.0,-142.0
40.0,-137.0
25.0,-142.0
17.0,-142.0
32.0,-133.0
47.0,-126.0
38.0,-125.0
24.0,-135.0
30.0,-138.0
43.0,-131.0
44.0,-124.0
29.0,-125.0
21.0,-138.0
23.0,-141.0
19.0,-133.0
24.0,-134.0
26.0,-136.0
21.0,-142.0
13.0,-147.0
10.0,-148.0
21.0,-149.0
31.0,-135.0
27.0,-129.0
16.0,-137.0
14.0,-141.0
22.0,-137.0
28.0,-133.0
18.0,-128.0
7.0,-135.0
5.0,-147.0
11.0,-141.0
26.0,-131.0
23.0,-141.0
2.0,-143.0
-8.0,-134.0
0.0,-138.0
9.0,-142.0
13.0,-138.0
20.0,-143.0
26.0,-153.0
15.0,-155.0
14.0,-148.0
14.0,-141.0
8.0,-140.0
8.0,-137.0
9.0,-137.0
6.0,-150.0
1.0,-156.0
1.0,-149.0
8.0,-135.0
13.0,-130.0
9.0,-129.0
11.0,-130.0
18.0,-144.0
12.0,-149.0
1.0,-144.0
4.0,-141.0
12.0,-144.0
1.0,-145.0
-6.0,-137.0
6.0,-132.0
17.0,-136.0
15.0,-140.0
5.0,-141.0
3.0,-152.0
0.0,-158.0
-4.0,-152.0
-8.0,-139.0
-10.0,-131.0
-5.0,-133.0
3.0,-146.0
0.0,-167.0
-5.0,-170.0
-4.0,-152.0
-11.0,-140.0
-14.0,-136.0
-2.0,-136.0
2.0,-141.0
-3.0,-143.0
-14.0,-146.0
-17.0,-150.0
-9.0,-147.0
-9.0,-140.0
-19.0,-134.0
-16.0,-134.0
-6.0,-136.0
-5.0,-145.0
-7.0,-149.0
-9.0,-134.0
-6.0,-133.0
-4.0,-141.0
-14.0,-145.0
-19.0,-146.0
-26.0,-142.0
-33.0,-148.0
-40.0,-151.0
-40.0,-143.0
-34.0,-140.0
-28.0,-154.0
-26.0,-159.0
-23.0,-143.0
-16.0,-136.0
-22.0,-139.0
-30.0,-145.0
-22.0,-149.0
-16.0,-136.0
-26.0,-135.0
-26.0,-139.0
-24.0,-137.0
-25.0,-133.0
-19.0,-140.0
-16.0,-150.0
-15.0,-150.0
-20.0,-136.0
-28.0,-129.0
-35.0,-130.0
-37.0,-138.0
-35.0,-139.0
-30.0,-131.0
-22.0,-137.0
-20.0,-127.0
-28.0,-125.0
-21.0,-140.0
-14.0,-143.0
-23.0,-138.0
-42.0,-139.0
-43.0,-143.0
-34.0,-139.0
-31.0,-128.0
-35.0,-126.0
-46.0,-133.0
-43.0,-130.0
-27.0,-132.0
-24.0,-133.0
-30.0,-146.0
-37.0,-148.0
-43.0,-126.0
-53.0,-117.0
-53.0,-121.0
-44.0,-134.0
-38.0,-146.0
-48.0,-156.0
-59.0,-142.0
-61.0,-132.0
-62.0,-136.0
-65.0,-134.0
-69.0,-129.0
-63.0,-126.0
-59.0,-136.0
-52.0,-151.0
-44.0,-141.0
-41.0,-126.0
-54.0,-133.0
-70.0,-149.0
-74.0,-159.0
-67.0,-151.0
-60.0,-135.0
-60.0,-123.0
-63.0,-123.0
-69.0,-130.0
-66.0,-125.0
-67.0,-113.0
-62.0,-117.0
-54.0,-125.0
-55.0,-112.0
-66.0,-110.0
-68.0,-124.0
-72.0,-127.0
-76.0,-119.0
-67.0,-125.0
-54.0,-129.0
-49.0,-122.0
-45.0,-118.0
-50.0,-117.0
-53.0,-126.0
-60.0,-128.0
-73.0,-128.0
-58.0,-122.0
-55.0,-118.0
-68.0,-124.0
-73.0,-124.0
-67.0,-121.0
-66.0,-123.0
-59.0,-128.0
-57.0,-125.0
-61.0,-125.0
-72.0,-132.0
-78.0,-125.0
-73.0,-123.0
-73.0,-116.0
-73.0,-120.0
-68.0,-134.0
-69.0,-139.0
-77.0,-130.0
-71.0,-123.0
-62.0,-112.0
-60.0,-99.0
-59.0,-109.0
-64.0,-127.0
-71.0,-124.0
-70.0,-119.0
-74.0,-121.0
-73.0,-121.0
-70.0,-124.0
-82.0,-122.0
-92.0,-113.0
-83.0,-111.0
-70.0,-116.0
-62.0,-121.0
-69.0,-116.0
-92.0,-100.0
-99.0,-107.0
-77.0,-125.0
-63.0,-134.0
-69.0,-127.0
-76.0,-114.0
-79.0,-119.0
-77.0,-121.0
-74.0,-118.0
-78.0,-118.0
-93.0,-127.0
-91.0,-123.0
-82.0,-112.0
-79.0,-113.0
-74.0,-109.0
-78.0,-111.0
-86.0,-116.0
-94.0,-104.0
-98.0,-92.0
-95.0,-95.0
-88.0,-102.0
-83.0,-100.0
-77.0,-95.0
-79.0,-96.0
-89.0,-99.0
-100.0,-100.0
-106.0,-94.0
-107.0,-95.0
-99.0,-97.0
-86.0,-105.0
-80.0,-108.0
-85.0,-101.0
-87.0,-101.0
-82.0,-102.0
-83.0,-88.0
-95.0,-78.0
-109.0,-87.0
-113.0,-97.0
-107.0,-106.0
-98.0,-111.0
-95.0,-110.0
-92.0,-108.0
-96.0,-104.0
-102.0,-104.0
-105.0,-98.0
-102.0,-88.0
-93.0,-87.0
-96.0,-83.0
-111.0,-91.0
-109.0,-96.0
-102.0,-105.0
-101.0,-106.0
-99.0,-106.0
-92.0,-106.0
-89.0,-100.0
-97.0,-94.0
-111.0,-90.0
-121.0,-81.0
-122.0,-78.0
-128.0,-85.0
-134.0,-84.0
-132.0,-82.0
-127.0,-84.0
-116.0,-86.0
-110.0,-93.0
-112.0,-87.0
-113.0,-83.0
-112.0,-84.0
-113.0,-82.0
-115.0,-80.0
-112.0,-90.0
-109.0,-93.0
-112.0,-81.0
-105.0,-76.0
-104.0,-81.0
-110.0,-87.0
-114.0,-83.0
-108.0,-84.0
-101.0,-90.0
-107.0,-96.0
-111.0,-95.0
-110.0,-83.0
-101.0,-80.0
-102.0,-91.0
-105.0,-96.0
-103.0,-92.0
-107.0,-95.0
-106.0,-96.0
-97.0,-97.0
-99.0,-101.0
-102.0,-91.0
-112.0,-83.0
-119.0,-75.0
-106.0,-66.0
-99.0,-70.0
-110.0,-74.0
-113.0,-89.0
-102.0,-89.0
-114.0,-81.0
-126.0,-82.0
-123.0,-86.0
-119.0,-83.0
-114.0,-77.0
-122.0,-77.0
-127.0,-81.0
-127.0,-72.0
-134.0,-60.0
-140.0,-68.0
-131.0,-84.0
-114.0,-84.0
-105.0,-72.0
-103.0,-68.0
-109.0,-76.0
-113.0,-77.0
-122.0,-63.0
-127.0,-61.0
-132.0,-64.0
-137.0,-65.0
-127.0,-65.0
-125.0,-60.0
-126.0,-50.0
-135.0,-48.0
-144.0,-58.0
-137.0,-66.0
-127.0,-64.0
-126.0,-58.0
-133.0,-62.0
-140.0,-71.0
-136.0,-66.0
-134.0,-56.0
-132.0,-56.0
-125.0,-59.0
-124.0,-56.0
-127.0,-48.0
-137.0,-44.0
-146.0,-51.0
-148.0,-54.0
-137.0,-54.0
-134.0,-59.0
-136.0,-61.0
-126.0,-55.0
-127.0,-55.0
-142.0,-56.0
-146.0,-57.0
-136.0,-61.0
-139.0,-55.0
-142.0,-55.0
-143.0,-50.0
-150.0,-38.0
-157.0,-41.0
-143.0,-49.0
-137.0,-55.0
-146.0,-51.0
-144.0,-47.0
-138.0,-45.0
-138.0,-41.0
-136.0,-50.0
-133.0,-62.0
-133.0,-53.0
-123.0,-43.0
-118.0,-32.0
-124.0,-24.0
-131.0,-30.0
-140.0,-39.0
-136.0,-37.0
-137.0,-36.0
-140.0,-44.0
-143.0,-47.0
-145.0,-51.0
-131.0,-53.0
-128.0,-50.0
-128.0,-41.0
-124.0,-36.0
-125.0,-41.0
-133.0,-38.0
-153.0,-33.0
-157.0,-30.0
-137.0,-27.0
-129.0,-19.0
-129.0,-24.0
-128.0,-39.0
-131.0,-44.0
-128.0,-42.0
-133.0,-38.0
-140.0,-39.0
-137.0,-40.0
-134.0,-40.0
-130.0,-34.0
-138.0,-33.0
-150.0,-33.0
-155.0,-26.0
-150.0,-18.0
-137.0,-19.0
-134.0,-22.0
-131.0,-24.0
-141.0,-33.0
-143.0,-35.0
-137.0,-20.0
-146.0,-10.0
-153.0,-14.0
-153.0,-15.0
-156.0,-20.0
-151.0,-12.0
-135.0,-7.0
-135.0,-8.0
-148.0,-5.0
-152.0,-8.0
-149.0,-10.0
-146.0,-7.0
-149.0,-15.0
-139.0,-15.0
-130.0,-10.0
-142.0,-11.0
-149.0,-16.0
-150.0,-20.0
-156.0,-15.0
-144.0,-17.0
-129.0,-18.0
-136.0,-13.0
-143.0,-1.0
-143.0,3.0
-134.0,1.0
-128.0,-7.0
-133.0,-17.0
-147.0,-10.0
-155.0,1.0
-153.0,-7.0
-146.0,-24.0
-135.0,-13.0
-120.0,-6.0
-127.0,-8.0
-138.0,-11.0
-136.0,-22.0
-151.0,-22.0
-155.0,-4.0
-148.0,-3.0
-145.0,-5.0
-142.0,-8.0
-139.0,-8.0
-136.0,1.0
-136.0,5.0
-138.0,7.0
-147.0,-1.0
-155.0,6.0
-148.0,15.0
-145.0,14.0
-144.0,7.0
-148.0,0.0
-148.0,7.0
-145.0,12.0
-140.0,4.0
-132.0,-1.0
-136.0,-2.0
-137.0,0.0
-130.0,16.0
-132.0,20.0
-138.0,15.0
-138.0,5.0
-139.0,23.0
-143.0,33.0
-138.0,20.0
-123.0,19.0
-127.0,24.0
-144.0,21.0
-148.0,9.0
-141.0,19.0
-144.0,21.0
-155.0,10.0
-158.0,4.0
-147.0,10.0
-141.0,24.0
-150.0,39.0
-149.0,37.0
-145.0,20.0
-143.0,23.0
-134.0,35.0
-132.0,50.0
-136.0,46.0
-149.0,38.0
-149.0,35.0
-138.0,38.0
-139.0,31.0
-136.0,24.0
-137.0,26.0
-148.0,23.0
-150.0,28.0
-150.0,29.0
-145.0,36.0
-141.0,45.0
-137.0,45.0
-134.0,44.0
-142.0,47.0
-143.0,41.0
-131.0,37.0
-133.0,38.0
-142.0,37.0
-150.0,37.0
-154.0,38.0
-154.0,42.0
-145.0,48.0
-135.0,54.0
-134.0,59.0
-133.0,51.0
-132.0,47.0
-131.0,47.0
-133.0,40.0
-140.0,42.0
-140.0,56.0
-137.0,56.0
-137.0,51.0
-136.0,56.0
-132.0,61.0
-134.0,60.0
-134.0,51.0
-138.0,54.0
-143.0,59.0
-140.0,48.0
-136.0,42.0
-134.0,48.0
-137.0,46.0
-131.0,47.0
-115.0,61.0
-117.0,63.0
-124.0,58.0
-136.0,65.0
-139.0,66.0
-127.0,65.0
-124.0,64.0
-128.0,61.0
-132.0,55.0
-133.0,60.0
-137.0,52.0
-144.0,46.0
-145.0,55.0
-135.0,65.0
-133.0,68.0
-131.0,57.0
-127.0,48.0
-129.0,55.0
-129.0,63.0
-126.0,73.0
-128.0,77.0
-133.0,71.0
-131.0,74.0
-139.0,77.0
-145.0,69.0
-142.0,62.0
-145.0,65.0
-147.0,76.0
-144.0,79.0
-142.0,76.0
-130.0,85.0
-127.0,85.0
-132.0,78.0
-130.0,80.0
-134.0,91.0
-132.0,93.0
-129.0,91.0
-129.0,87.0
-127.0,88.0
-120.0,93.0
-126.0,91.0
-132.0,83.0
-131.0,77.0
-120.0,77.0
-115.0,79.0
-117.0,88.0
-126.0,93.0
-130.0,86.0
-119.0,81.0
-113.0,81.0
-118.0,73.0
-127.0,75.0
-122.0,83.0
-119.0,79.0
-115.0,80.0
-109.0,90.0
-121.0,96.0
-141.0,84.0
-145.0,88.0
-139.0,97.0
-125.0,85.0
-116.0,84.0
-117.0,85.0
-114.0,85.0
-115.0,79.0
-115.0,82.0
-115.0,90.0
-115.0,83.0
-116.0,81.0
-111.0,86.0
-112.0,98.0
-131.0,105.0
-131.0,96.0
-113.0,99.0
-107.0,105.0
-113.0,97.0
-122.0,97.0
-117.0,95.0
-107.0,98.0
-111.0,99.0
-118.0,86.0
-112.0,76.0
-111.0,84.0
-114.0,100.0
-119.0,108.0
-113.0,111.0
-98.0,107.0
-102.0,96.0
-117.0,89.0
-114.0,101.0
-104.0,118.0
-101.0,124.0
-96.0,115.0
-100.0,104.0
-102.0,102.0
-99.0,105.0
-108.0,105.0
-122.0,103.0
-113.0,108.0
-105.0,114.0
-116.0,116.0
-127.0,107.0
-114.0,107.0
-100.0,114.0
-97.0,120.0
-103.0,109.0
-110.0,94.0
-114.0,97.0
-115.0,98.0
-111.0,103.0
-109.0,107.0
-101.0,97.0
-90.0,92.0
-104.0,103.0
-117.0,115.0
-103.0,119.0
-93.0,114.0
-96.0,100.0
-104.0,93.0
-109.0,102.0
-108.0,125.0
-102.0,131.0
-105.0,115.0
-100.0,119.0
-93.0,123.0
-90.0,112.0
-92.0,102.0
-101.0,107.0
-105.0,118.0
-92.0,119.0
-81.0,113.0
-88.0,114.0
-102.0,129.0
-97.0,135.0
-87.0,122.0
-97.0,118.0
-103.0,125.0
-96.0,128.0
-93.0,118.0
-95.0,103.0
-86.0,108.0
-81.0,128.0
-83.0,142.0
-72.0,144.0
-67.0,126.0
-71.0,111.0
-79.0,121.0
-82.0,124.0
-81.0,114.0
-90.0,109.0
-98.0,106.0
-95.0,111.0
-89.0,115.0
-80.0,112.0
-74.0,117.0
-78.0,118.0
-92.0,123.0
-95.0,121.0
-94.0,118.0
-86.0,122.0
-82.0,129.0
-89.0,121.0
-83.0,105.0
-76.0,110.0
-74.0,113.0
-78.0,107.0
-71.0,116.0
-74.0,122.0
-79.0,122.0
-77.0,131.0
-71.0,139.0
-64.0,135.0
-48.0,121.0
-48.0,111.0
-64.0,119.0
-65.0,121.0
-62.0,116.0
-69.0,124.0
-70.0,123.0
-68.0,122.0
-65.0,120.0
-53.0,129.0
-51.0,127.0
-59.0,113.0
-57.0,110.0
-51.0,123.0
-47.0,141.0
-48.0,132.0
-56.0,121.0
-69.0,126.0
-70.0,134.0
-60.0,123.0
-51.0,119.0
-49.0,135.0
-47.0,143.0
-41.0,134.0
-39.0,127.0
-38.0,122.0
-46.0,122.0
-41.0,130.0
-43.0,137.0
-46.0,146.0
-46.0,158.0
-45.0,148.0
-47.0,138.0
-45.0,130.0
-53.0,129.0
-51.0,138.0
-48.0,148.0
-47.0,147.0
-46.0,139.0
-57.0,142.0
-58.0,158.0
-56.0,156.0
-45.0,141.0
-42.0,130.0
-41.0,131.0
-39.0,141.0
-37.0,150.0
-40.0,145.0
-41.0,132.0
-31.0,130.0
-38.0,141.0
-44.0,148.0
-37.0,140.0
-19.0,144.0
-9.0,141.0
-13.0,130.0
-16.0,130.0
-26.0,131.0
-43.0,139.0
-53.0,144.0
-42.0,146.0
-24.0,150.0
-20.0,139.0
-30.0,132.0
-30.0,140.0
-27.0,152.0
-26.0,148.0
-28.0,137.0
-32.0,133.0
-23.0,134.0
-14.0,145.0
-12.0,150.0
-19.0,142.0
-17.0,126.0
-6.0,115.0
-11.0,125.0
-28.0,145.0
-28.0,153.0
-15.0,146.0
-11.0,150.0
-20.0,150.0
-30.0,143.0
-32.0,141.0
-25.0,143.0
-22.0,149.0
-28.0,157.0
-24.0,156.0
-15.0,142.0
-12.0,135.0
-11.0,134.0
-11.0,129.0
-9.0,132.0
-11.0,142.0
-15.0,147.0
-19.0,145.0
-18.0,143.0
-13.0,149.0
-5.0,150.0
2.0,153.0
-1.0,157.0
-6.0,155.0
-13.0,151.0
-20.0,141.0
-23.0,136.0
-18.0,145.0
-4.0,158.0
-7.0,161.0
-4.0,154.0
1.0,142.0
13.0,138.0
16.0,140.0
8.0,141.0
-1.0,141.0
-14.0,143.0
-13.0,143.0
3.0,151.0
15.0,154.0
13.0,145.0
4.0,137.0
-4.0,139.0
0.0,132.0
0.0,129.0
-1.0,128.0
10.0,128.0
16.0,130.0
3.0,130.0
-6.0,146.0
0.0,153.0
6.0,143.0
13.0,134.0
19.0,133.0
23.0,136.0
22.0,144.0
14.0,152.0
10.0,147.0
8.0,150.0
2.0,169.0
-4.0,174.0
-13.0,162.0
-8.0,138.0
12.0,121.0
30.0,129.0
25.0,136.0
16.0,140.0
18.0,134.0
22.0,138.0
19.0,150.0
15.0,144.0
8.0,132.0
9.0,127.0
17.0,133.0
16.0,140.0
1.0,138.0
-5.0,138.0
11.0,130.0
21.0,134.0
25.0,150.0
19.0,158.0
14.0,152.0
16.0,138.0
21.0,131.0
20.0,134.0
20.0,133.0
16.0,138.0
18.0,136.0
34.0,127.0
41.0,136.0
31.0,146.0
32.0,147.0
46.0,144.0
42.0,147.0
37.0,149.0
34.0,147.0
27.0,143.0
22.0,142.0
22.0,136.0
31.0,123.0
42.0,122.0
40.0,133.0
30.0,140.0
30.0,137.0
36.0,128.0
37.0,122.0
28.0,122.0
35.0,123.0
37.0,129.0
23.0,137.0
22.0,137.0
32.0,131.0
44.0,133.0
42.0,141.0
34.0,146.0
32.0,141.0
32.0,132.0
40.0,128.0
49.0,130.0
47.0,139.0
44.0,144.0
47.0,145.0
48.0,142.0
47.0,141.0
43.0,131.0
46.0,125.0
49.0,133.0
54.0,132.0
48.0,137.0
44.0,150.0
60.0,145.0
70.0,134.0
70.0,121.0
61.0,110.0
48.0,116.0
44.0,127.0
44.0,120.0
48.0,107.0
56.0,99.0
63.0,106.0
67.0,124.0
59.0,135.0
51.0,135.0
55.0,125.0
59.0,122.0
60.0,135.0
70.0,153.0
72.0,154.0
63.0,141.0
58.0,132.0
52.0,125.0
59.0,131.0
63.0,133.0
62.0,128.0
65.0,133.0
62.0,132.0
55.0,126.0
61.0,120.0
70.0,120.0
78.0,122.0
74.0,122.0
76.0,128.0
80.0,130.0
73.0,130.0
70.0,130.0
64.0,127.0
61.0,130.0
64.0,130.0
67.0,122.0
68.0,111.0
70.0,102.0
77.0,104.0
90.0,125.0
93.0,140.0
83.0,141.0
70.0,132.0
69.0,126.0
73.0,116.0
73.0,119.0
76.0,125.0
88.0,121.0
91.0,112.0
80.0,110.0
76.0,122.0
76.0,128.0
88.0,129.0
92.0,127.0
73.0,124.0
61.0,128.0
68.0,118.0
82.0,114.0
91.0,128.0
93.0,135.0
95.0,136.0
92.0,122.0
94.0,106.0
105.0,104.0
109.0,120.0
109.0,137.0
110.0,140.0
108.0,128.0
101.0,116.0
98.0,112.0
103.0,119.0
105.0,116.0
97.0,104.0
94.0,100.0
92.0,108.0
91.0,115.0
91.0,109.0
94.0,109.0
92.0,111.0
85.0,119.0
86.0,123.0
80.0,111.0
75.0,108.0
76.0,111.0
79.0,113.0
86.0,118.0
78.0,128.0
85.0,135.0
105.0,124.0
112.0,108.0
108.0,99.0
97.0,103.0
91.0,109.0
98.0,99.0
100.0,88.0
104.0,86.0
101.0,100.0
92.0,116.0
93.0,102.0
104.0,90.0
109.0,89.0
109.0,93.0
111.0,96.0
104.0,103.0
91.0,104.0
87.0,94.0
100.0,104.0
109.0,121.0
106.0,111.0
104.0,97.0
114.0,94.0
116.0,92.0
109.0,100.0
100.0,98.0
105.0,97.0
115.0,95.0
121.0,91.0
117.0,86.0
113.0,94.0
109.0,97.0
121.0,94.0
136.0,97.0
112.0,91.0
90.0,88.0
97.0,100.0
107.0,113.0
108.0,112.0
99.0,98.0
102.0,90.0
111.0,97.0
127.0,99.0
130.0,96.0
131.0,101.0
128.0,111.0
119.0,109.0
113.0,101.0
110.0,99.0
106.0,100.0
108.0,99.0
115.0,84.0
121.0,75.0
133.0,81.0
128.0,80.0
119.0,72.0
117.0,79.0
118.0,82.0
123.0,84.0
118.0,89.0
110.0,96.0
113.0,94.0
118.0,85.0
121.0,81.0
122.0,82.0
125.0,91.0
124.0,86.0
125.0,79.0
131.0,90.0
126.0,99.0
127.0,84.0
141.0,76.0
145.0,84.0
134.0,74.0
119.0,58.0
123.0,52.0
129.0,58.0
125.0,73.0
122.0,84.0
137.0,78.0
138.0,69.0
122.0,63.0
125.0,69.0
132.0,79.0
130.0,76.0
126.0,72.0
134.0,83.0
140.0,87.0
139.0,83.0
142.0,79.0
141.0,80.0
140.0,79.0
144.0,74.0
140.0,71.0
137.0,64.0
149.0,60.0
154.0,73.0
146.0,63.0
137.0,52.0
130.0,53.0
125.0,59.0
123.0,67.0
129.0,65.0
131.0,57.0
125.0,53.0
132.0,49.0
138.0,50.0
128.0,48.0
120.0,41.0
128.0,50.0
123.0,54.0
121.0,51.0
128.0,50.0
131.0,58.0
127.0,59.0
118.0,60.0
114.0,59.0
124.0,44.0
138.0,42.0
131.0,55.0
122.0,70.0
131.0,74.0
144.0,71.0
141.0,62.0
135.0,58.0
144.0,59.0
145.0,51.0
141.0,36.0
142.0,30.0
142.0,46.0
142.0,60.0
144.0,55.0
145.0,55.0
146.0,56.0
142.0,52.0
138.0,51.0
135.0,39.0
143.0,31.0
144.0,31.0
147.0,38.0
158.0,48.0
153.0,45.0
141.0,31.0
132.0,32.0
122.0,45.0
125.0,46.0
132.0,43.0
125.0,41.0
128.0,39.0
134.0,39.0
128.0,42.0
121.0,34.0
129.0,32.0
140.0,36.0
151.0,35.0
157.0,24.0
160.0,17.0
152.0,25.0
135.0,43.0
127.0,37.0
138.0,34.0
146.0,43.0
152.0,37.0
169.0,20.0
169.0,14.0
161.0,13.0
159.0,22.0
163.0,27.0
165.0,13.0
169.0,-1.0
175.0,14.0
172.0,23.0
154.0,27.0
146.0,30.0
153.0,23.0
162.0,10.0
154.0,15.0
134.0,24.0
128.0,15.0
145.0,10.0
164.0,15.0
155.0,14.0
145.0,11.0
143.0,15.0
150.0,8.0
160.0,-6.0
164.0,0.0
162.0,17.0
161.0,23.0
158.0,16.0
156.0,-1.0
162.0,-13.0
167.0,1.0
157.0,10.0
144.0,10.0
149.0,21.0
164.0,26.0
179.0,22.0
185.0,12.0
170.0,3.0
152.0,2.0
146.0,2.0
146.0,0.0
148.0,-5.0
145.0,-16.0
145.0,-18.0
153.0,-5.0
158.0,1.0
154.0,4.0
152.0,-1.0
156.0,-5.0
141.0,1.0
130.0,-4.0
132.0,-13.0
135.0,-15.0
141.0,-12.0
150.0,-6.0
147.0,-5.0
139.0,-10.0
147.0,-8.0
155.0,-1.0
154.0,2.0
149.0,0.0
142.0,6.0
144.0,9.0
153.0,3.0
155.0,7.0
165.0,-1.0
170.0,-10.0
156.0,3.0
153.0,8.0
149.0,3.0
157.0,-2.0
168.0,-6.0
154.0,4.0
149.0,9.0
150.0,-17.0
151.0,-37.0
148.0,-21.0
146.0,-7.0
142.0,-19.0
138.0,-36.0
138.0,-33.0
148.0,-14.0
164.0,-10.0
170.0,-21.0
153.0,-20.0
136.0,-19.0
126.0,-27.0
119.0,-25.0
120.0,-20.0
131.0,-17.0
142.0,-15.0
148.0,-15.0
154.0,-27.0
151.0,-32.0
137.0,-27.0
137.0,-19.0
141.0,-16.0
141.0,-34.0
150.0,-45.0
153.0,-38.0
140.0,-31.0
141.0,-22.0
148.0,-10.0
135.0,-20.0
126.0,-46.0
133.0,-47.0
139.0,-35.0
151.0,-30.0
156.0,-37.0
153.0,-28.0
142.0,-18.0
135.0,-26.0
148.0,-34.0
154.0,-36.0
136.0,-27.0
125.0,-32.0
130.0,-40.0
139.0,-32.0
143.0,-25.0
143.0,-36.0
148.0,-44.0
144.0,-47.0
139.0,-52.0
143.0,-50.0
141.0,-52.0
133.0,-56.0
134.0,-47.0
150.0,-33.0
148.0,-35.0
138.0,-43.0
140.0,-53.0
140.0,-54.0
135.0,-42.0
132.0,-45.0
133.0,-56.0
145.0,-57.0
143.0,-52.0
132.0,-53.0
143.0,-55.0
154.0,-53.0
146.0,-61.0
135.0,-69.0
132.0,-58.0
135.0,-42.0
135.0,-52.0
132.0,-66.0
132.0,-69.0
123.0,-69.0
118.0,-62.0
116.0,-57.0
126.0,-54.0
153.0,-53.0
164.0,-55.0
166.0,-57.0
160.0,-64.0
145.0,-60.0
134.0,-58.0
130.0,-64.0
124.0,-74.0
127.0,-74.0
138.0,-64.0
143.0,-58.0
143.0,-58.0
135.0,-74.0
131.0,-78.0
141.0,-75.0
138.0,-71.0
127.0,-72.0
122.0,-69.0
122.0,-69.0
127.0,-69.0
128.0,-63.0
133.0,-74.0
137.0,-76.0
137.0,-67.0
140.0,-74.0
130.0,-86.0
124.0,-81.0
123.0,-75.0
115.0,-71.0
123.0,-76.0
134.0,-85.0
134.0,-89.0
129.0,-83.0
122.0,-72.0
117.0,-74.0
120.0,-68.0
130.0,-54.0
128.0,-48.0
130.0,-57.0
138.0,-75.0
129.0,-76.0
122.0,-66.0
116.0,-67.0
100.0,-79.0
102.0,-78.0
119.0,-71.0
130.0,-72.0
130.0,-79.0
112.0,-85.0
110.0,-84.0
126.0,-89.0
136.0,-91.0
130.0,-89.0
120.0,-80.0
121.0,-70.0
124.0,-69.0
121.0,-86.0
112.0,-104.0
108.0,-104.0
110.0,-97.0
106.0,-87.0
112.0,-80.0
114.0,-86.0
106.0,-97.0
109.0,-99.0
108.0,-106.0
98.0,-104.0
108.0,-100.0
111.0,-113.0
110.0,-107.0
109.0,-93.0
99.0,-88.0
97.0,-97.0
95.0,-111.0
107.0,-115.0
127.0,-115.0
128.0,-108.0
115.0,-100.0
117.0,-94.0
123.0,-95.0
119.0,-103.0
104.0,-111.0
97.0,-112.0
108.0,-115.0
119.0,-119.0
127.0,-117.0
138.0,-108.0
122.0,-102.0
101.0,-99.0
103.0,-98.0
107.0,-102.0
105.0,-110.0
101.0,-106.0
96.0,-106.0
96.0,-106.0
109.0,-105.0
113.0,-111.0
103.0,-115.0
101.0,-118.0
100.0,-127.0
89.0,-135.0
82.0,-132.0
80.0,-124.0
77.0,-109.0
82.0,-116.0
97.0,-136.0
117.0,-139.0
121.0,-134.0
110.0,-131.0
100.0,-137.0
98.0,-136.0
90.0,-128.0
76.0,-119.0
83.0,-115.0
100.0,-119.0
100.0,-119.0
98.0,-120.0
97.0,-125.0
91.0,-120.0
89.0,-112.0
84.0,-114.0
87.0,-115.0
96.0,-126.0
98.0,-131.0
98.0,-114.0
94.0,-115.0
85.0,-122.0
79.0,-132.0
80.0,-130.0
96.0,-122.0
108.0,-115.0
94.0,-104.0
83.0,-111.0
91.0,-123.0
94.0,-126.0
82.0,-126.0
80.0,-126.0
99.0,-128.0
110.0,-127.0
101.0,-137.0
92.0,-145.0
95.0,-136.0
96.0,-124.0
84.0,-129.0
68.0,-138.0
68.0,-138.0
85.0,-139.0
92.0,-135.0
85.0,-134.0
77.0,-121.0
80.0,-114.0
89.0,-127.0
92.0,-135.0
79.0,-119.0
60.0,-118.0
61.0,-131.0
73.0,-129.0
80.0,-128.0
73.0,-123.0
69.0,-123.0
68.0,-125.0
65.0,-123.0
58.0,-126.0
57.0,-132.0
58.0,-132.0
53.0,-130.0
57.0,-134.0
72.0,-141.0
70.0,-145.0
60.0,-134.0
65.0,-132.0
72.0,-139.0
75.0,-142.0
65.0,-132.0
54.0,-137.0
58.0,-154.0
70.0,-155.0
72.0,-143.0
60.0,-133.0
49.0,-124.0
58.0,-122.0
72.0,-129.0
69.0,-134.0
62.0,-132.0
58.0,-137.0
55.0,-137.0
54.0,-124.0
55.0,-121.0
58.0,-134.0
58.0,-149.0
51.0,-161.0
45.0,-157.0
48.0,-138.0
47.0,-136.0
45.0,-142.0
47.0,-143.0
54.0,-143.0
59.0,-142.0
58.0,-142.0
49.0,-153.0
42.0,-154.0
48.0,-143.0
52.0,-140.0
55.0,-149.0
64.0,-158.0
62.0,-155.0
62.0,-146.0
62.0,-146.0
50.0,-152.0
34.0,-150.0
39.0,-142.0
46.0,-143.0
48.0,-152.0
48.0,-158.0
39.0,-154.0
35.0,-159.0
37.0,-167.0
36.0,-160.0
36.0,-146.0
36.0,-141.0
31.0,-136.0
23.0,-138.0
19.0,-147.0
19.0,-152.0
25.0,-156.0
27.0,-153.0
30.0,-150.0
31.0,-143.0
26.0,-144.0
23.0,-164.0
22.0,-182.0
33.0,-181.0
41.0,-168.0
30.0,-140.0
27.0,-121.0
30.0,-137.0
32.0,-156.0
34.0,-160.0
33.0,-152.0
27.0,-146.0
25.0,-155.0
21.0,-170.0
15.0,-163.0
9.0,-145.0
18.0,-137.0
32.0,-135.0
35.0,-143.0
34.0,-160.0
16.0,-168.0
-1.0,-172.0
-1.0,-173.0
4.0,-165.0
9.0,-150.0
16.0,-146.0
2.0,-154.0
-11.0,-148.0
-3.0,-137.0
8.0,-132.0
16.0,-144.0
19.0,-148.0
12.0,-144.0
13.0,-140.0
1.0,-143.0
5.0,-153.0
19.0,-153.0
19.0,-150.0
7.0,-149.0
-8.0,-154.0
-3.0,-164.0
19.0,-161.0
29.0,-151.0
21.0,-148.0
7.0,-151.0
4.0,-162.0
0.0,-169.0
-5.0,-167.0
-4.0,-157.0
-2.0,-146.0
6.0,-154.0
2.0,-165.0
-7.0,-170.0
-9.0,-158.0
6.0,-157.0
13.0,-164.0
2.0,-166.0
-6.0,-171.0
-7.0,-162.0
-6.0,-149.0
-10.0,-151.0
-8.0,-168.0
-1.0,-173.0
8.0,-168.0
2.0,-158.0
-8.0,-156.0
-13.0,-171.0
-14.0,-188.0
-18.0,-181.0
-14.0,-159.0
-1.0,-152.0
4.0,-153.0
5.0,-156.0
-5.0,-157.0
-24.0,-150.0
-25.0,-155.0
-14.0,-163.0
-9.0,-155.0
-17.0,-148.0
-21.0,-154.0
-17.0,-166.0
-16.0,-174.0
-20.0,-171.0
-25.0,-164.0
-27.0,-155.0
-39.0,-146.0
-48.0,-150.0
-46.0,-152.0
-38.0,-142.0
-30.0,-139.0
-26.0,-141.0
-24.0,-147.0
-26.0,-157.0
-23.0,-164.0
-24.0,-157.0
-23.0,-141.0
-29.0,-127.0
-30.0,-128.0
-28.0,-145.0
-25.0,-155.0
-32.0,-161.0
-37.0,-167.0
-30.0,-165.0
-29.0,-154.0
-39.0,-142.0
-56.0,-144.0
-45.0,-146.0
-28.0,-158.0
-28.0,-175.0
-35.0,-169.0
-41.0,-162.0
-41.0,-147.0
-48.0,-141.0
-53.0,-151.0
-47.0,-153.0
-45.0,-139.0
-47.0,-131.0
-46.0,-133.0
-40.0,-139.0
-36.0,-147.0
-37.0,-141.0
-43.0,-140.0
-49.0,-146.0
-44.0,-145.0
-40.0,-138.0
-44.0,-144.0
-47.0,-161.0
-49.0,-159.0
-47.0,-149.0
-48.0,-146.0
-50.0,-142.0
-46.0,-134.0
-39.0,-129.0
-37.0,-126.0
-37.0,-134.0
-39.0,-138.0
-40.0,-136.0
-39.0,-135.0
-41.0,-141.0
-40.0,-145.0
-40.0,-143.0
-37.0,-135.0
-27.0,-124.0
-40.0,-122.0
-48.0,-132.0
-50.0,-131.0
-51.0,-123.0
-50.0,-139.0
-54.0,-157.0
-55.0,-146.0
-55.0,-135.0
-53.0,-136.0
-46.0,-143.0
-42.0,-134.0
-53.0,-129.0
-66.0,-125.0
-68.0,-117.0
-60.0,-118.0
-61.0,-120.0
-71.0,-119.0
-76.0,-119.0
-63.0,-127.0
-57.0,-137.0
-58.0,-134.0
-65.0,-128.0
-75.0,-134.0
-75.0,-127.0
-76.0,-124.0
-81.0,-137.0
-72.0,-140.0
-62.0,-136.0
-69.0,-137.0
-75.0,-136.0
-80.0,-128.0
-78.0,-127.0
-64.0,-126.0
-66.0,-122.0
-82.0,-128.0
-85.0,-126.0
-79.0,-125.0
-75.0,-126.0
-76.0,-127.0
-80.0,-127.0
-90.0,-139.0
-85.0,-138.0
-76.0,-135.0
-75.0,-132.0
-74.0,-120.0
-77.0,-122.0
-83.0,-123.0
-92.0,-126.0
-96.0,-127.0
-102.0,-119.0
-109.0,-118.0
-109.0,-119.0
-100.0,-117.0
-90.0,-113.0
-92.0,-112.0
-96.0,-126.0
-104.0,-147.0
-108.0,-149.0
-108.0,-131.0
-103.0,-114.0
-100.0,-120.0
-94.0,-121.0
-83.0,-106.0
-81.0,-107.0
-76.0,-104.0
-77.0,-104.0
-89.0,-115.0
-94.0,-121.0
-99.0,-116.0
-106.0,-115.0
-98.0,-114.0
-88.0,-114.0
-85.0,-117.0
-91.0,-115.0
-95.0,-112.0
-90.0,-111.0
-90.0,-111.0
-92.0,-115.0
-89.0,-119.0
-84.0,-116.0
-71.0,-109.0
-80.0,-108.0
-87.0,-111.0
-87.0,-104.0
-88.0,-106.0
-88.0,-114.0
-91.0,-115.0
-94.0,-119.0
-98.0,-125.0
-103.0,-120.0
-102.0,-112.0
-100.0,-114.0
-97.0,-120.0
-97.0,-121.0
-98.0,-110.0
-97.0,-105.0
-104.0,-112.0
-109.0,-111.0
-99.0,-99.0
-95.0,-95.0
-101.0,-100.0
-114.0,-93.0
-116.0,-88.0
-113.0,-86.0
-114.0,-91.0
-114.0,-93.0
-101.0,-93.0
-100.0,-100.0
-109.0,-102.0
-121.0,-91.0
-121.0,-91.0
-108.0,-109.0
-102.0,-117.0
-108.0,-112.0
-125.0,-106.0
-119.0,-97.0
-112.0,-87.0
-110.0,-90.0
-108.0,-98.0
-113.0,-101.0
-110.0,-107.0
-111.0,-109.0
-111.0,-109.0
-109.0,-99.0
-110.0,-99.0
-110.0,-101.0
-120.0,-91.0
-136.0,-88.0
-149.0,-86.0
-147.0,-82.0
-129.0,-76.0
-122.0,-91.0
-119.0,-99.0
-127.0,-88.0
-123.0,-83.0
-115.0,-81.0
-117.0,-84.0
-124.0,-93.0
-121.0,-90.0
-116.0,-72.0
-110.0,-75.0
-112.0,-96.0
-118.0,-99.0
-110.0,-83.0
-107.0,-74.0
-126.0,-76.0
-130.0,-81.0
-115.0,-85.0
-105.0,-89.0
-108.0,-86.0
-110.0,-85.0
-119.0,-76.0
-128.0,-73.0
-124.0,-94.0
-124.0,-98.0
-131.0,-84.0
-131.0,-73.0
-131.0,-75.0
-126.0,-74.0
-116.0,-67.0
-122.0,-72.0
-123.0,-80.0
-126.0,-78.0
-137.0,-69.0
-131.0,-70.0
-123.0,-66.0
-122.0,-57.0
-120.0,-51.0
-127.0,-53.0
-134.0,-64.0
-144.0,-78.0
-146.0,-81.0
-139.0,-75.0
-129.0,-72.0
-125.0,-77.0
-130.0,-77.0
-137.0,-75.0
-132.0,-75.0
-118.0,-74.0
-115.0,-80.0
-114.0,-66.0
-115.0,-63.0
-124.0,-69.0
-125.0,-71.0
-109.0,-75.0
-109.0,-64.0
-131.0,-57.0
-147.0,-59.0
-141.0,-65.0
-127.0,-61.0
-127.0,-55.0
-138.0,-58.0
-147.0,-63.0
-155.0,-56.0
-154.0,-56.0
-145.0,-59.0
-136.0,-65.0
-129.0,-69.0
-138.0,-75.0
-157.0,-67.0
-153.0,-48.0
-142.0,-43.0
-133.0,-53.0
-131.0,-61.0
-145.0,-69.0
-143.0,-70.0
-136.0,-64.0
-141.0,-64.0
-155.0,-56.0
-152.0,-44.0
-135.0,-32.0
-131.0,-43.0
-143.0,-50.0
-143.0,-64.0
-146.0,-72.0
-146.0,-54.0
-138.0,-53.0
-139.0,-55.0
-144.0,-42.0
-147.0,-27.0
-150.0,-27.0
-151.0,-32.0
-142.0,-45.0
-137.0,-52.0
-135.0,-50.0
-142.0,-47.0
-143.0,-39.0
-138.0,-28.0
-143.0,-34.0
-153.0,-44.0
-153.0,-44.0
-146.0,-51.0
-150.0,-57.0
-162.0,-52.0
-153.0,-48.0
-135.0,-42.0
-133.0,-28.0
-132.0,-30.0
-133.0,-47.0
-130.0,-59.0
-137.0,-58.0
-153.0,-42.0
-157.0,-27.0
-152.0,-23.0
-144.0,-23.0
-140.0,-18.0
-145.0,-28.0
-139.0,-40.0
-130.0,-44.0
-132.0,-39.0
-124.0,-30.0
-130.0,-20.0
-152.0,-20.0
-151.0,-29.0
-133.0,-39.0
-135.0,-33.0
-146.0,-11.0
-144.0,2.0
-140.0,-2.0
-139.0,-13.0
-134.0,-11.0
-137.0,-11.0
-148.0,-18.0
-155.0,-27.0
-149.0,-21.0
-137.0,-10.0
-137.0,-13.0
-157.0,-17.0
-159.0,-19.0
-152.0,-16.0
-151.0,-6.0
-146.0,-1.0
-141.0,2.0
-136.0,-4.0
-133.0,-5.0
-143.0,1.0
-154.0,-9.0
-149.0,-12.0
-136.0,-8.0
-144.0,-7.0
-156.0,0.0
-157.0,2.0
-155.0,7.0
-153.0,10.0
-150.0,11.0
-150.0,5.0
-154.0,-4.0
-151.0,-15.0
-153.0,-12.0
-162.0,0.0
-168.0,6.0
-160.0,4.0
-162.0,-1.0
-162.0,-1.0
-151.0,4.0
-149.0,6.0
-155.0,9.0
-151.0,8.0
-148.0,2.0
-130.0,-4.0
-123.0,4.0
-150.0,12.0
-165.0,10.0
-158.0,0.0
-149.0,0.0
-150.0,18.0
-157.0,21.0
-166.0,25.0
-164.0,22.0
-157.0,16.0
-155.0,22.0
-153.0,22.0
-148.0,17.0
-140.0,15.0
-142.0,16.0
-148.0,10.0
-148.0,7.0
-154.0,7.0
-159.0,20.0
-155.0,19.0
-146.0,10.0
-142.0,17.0
-155.0,19.0
-165.0,15.0
-158.0,13.0
-146.0,21.0
-144.0,25.0
-160.0,19.0
-163.0,21.0
-160.0,27.0
-158.0,35.0
-161.0,30.0
-160.0,19.0
-156.0,26.0
-157.0,27.0
-150.0,17.0
-142.0,18.0
-151.0,30.0
-156.0,33.0
-148.0,27.0
-140.0,25.0
-141.0,20.0
-147.0,24.0
-143.0,34.0
-140.0,39.0
-133.0,35.0
-133.0,26.0
-126.0,24.0
-129.0,31.0
-137.0,33.0
-134.0,26.0
-138.0,26.0
-152.0,32.0
-146.0,29.0
-136.0,31.0
-135.0,34.0
-137.0,36.0
-141.0,40.0
-139.0,40.0
-141.0,43.0
-142.0,43.0
-139.0,39.0
-140.0,35.0
-142.0,30.0
-139.0,37.0
-138.0,49.0
-144.0,39.0
-142.0,27.0
-135.0,35.0
-128.0,41.0
-128.0,36.0
-129.0,41.0
-124.0,49.0
-130.0,51.0
-142.0,54.0
-137.0,56.0
-132.0,53.0
-137.0,48.0
-137.0,54.0
-139.0,66.0
-154.0,69.0
-158.0,66.0
-149.0,69.0
-140.0,73.0
-136.0,61.0
-133.0,56.0
-137.0,58.0
-143.0,71.0
-143.0,75.0
-141.0,69.0
-147.0,65.0
-152.0,59.0
-146.0,56.0
-137.0,60.0
-136.0,62.0
-142.0,68.0
-145.0,60.0
-145.0,51.0
-136.0,54.0
-133.0,64.0
-135.0,75.0
-127.0,78.0
-121.0,82.0
-123.0,78.0
-126.0,75.0
-134.0,76.0
-139.0,81.0
-148.0,66.0
-145.0,63.0
-132.0,77.0
-124.0,77.0
-119.0,66.0
-126.0,53.0
-135.0,50.0
-130.0,59.0
-132.0,60.0
-136.0,63.0
-129.0,59.0
-130.0,58.0
-135.0,63.0
-140.0,63.0
-136.0,68.0
-131.0,79.0
-134.0,77.0
-132.0,72.0
-122.0,69.0
-126.0,76.0
-129.0,81.0
-123.0,80.0
-119.0,77.0
-119.0,66.0
-115.0,71.0
-107.0,82.0
-120.0,93.0
-140.0,92.0
-136.0,85.0
-117.0,93.0
-112.0,99.0
-117.0,98.0
-126.0,99.0
-129.0,100.0
-128.0,95.0
-130.0,93.0
-127.0,85.0
-115.0,84.0
-111.0,80.0
-117.0,89.0
-118.0,106.0
-116.0,111.0
-106.0,104.0
-104.0,93.0
-117.0,90.0
-118.0,87.0
-118.0,84.0
-122.0,88.0
-123.0,92.0
-114.0,87.0
-116.0,84.0
-132.0,86.0
-127.0,92.0
-115.0,97.0
-105.0,93.0
-107.0,89.0
-121.0,94.0
-126.0,99.0
-125.0,98.0
-131.0,98.0
-127.0,100.0
-115.0,105.0
-112.0,110.0
-114.0,105.0
-115.0,96.0
-115.0,99.0
-112.0,106.0
-106.0,111.0
-105.0,114.0
-115.0,120.0
-116.0,122.0
-100.0,116.0
-93.0,110.0
-100.0,106.0
-99.0,107.0
-101.0,104.0
-102.0,103.0
-105.0,117.0
-102.0,126.0
-100.0,123.0
-99.0,110.0
-101.0,102.0
-109.0,103.0
-117.0,104.0
-121.0,106.0
-113.0,100.0
-106.0,99.0
-98.0,96.0
-101.0,100.0
-106.0,110.0
-101.0,103.0
-86.0,96.0
-83.0,105.0
-98.0,108.0
-106.0,113.0
-104.0,112.0
-109.0,109.0
-110.0,116.0
-107.0,111.0
-97.0,107.0
-90.0,110.0
-85.0,111.0
-85.0,125.0
-92.0,137.0
-96.0,125.0
-101.0,121.0
-91.0,128.0
-81.0,128.0
-81.0,122.0
-81.0,127.0
-86.0,136.0
-99.0,139.0
-104.0,120.0
-97.0,114.0
-99.0,123.0
-93.0,122.0
-78.0,112.0
-70.0,120.0
-79.0,136.0
-101.0,137.0
-98.0,140.0
-76.0,138.0
-66.0,132.0
-79.0,131.0
-81.0,134.0
-68.0,132.0
-71.0,123.0
-96.0,134.0
-105.0,142.0
-93.0,135.0
-75.0,131.0
-61.0,130.0
-66.0,132.0
-74.0,133.0
-78.0,133.0
-80.0,128.0
-83.0,134.0
-89.0,136.0
-86.0,129.0
-79.0,126.0
-70.0,130.0
-69.0,138.0
-71.0,140.0
-79.0,147.0
-86.0,142.0
-82.0,134.0
-84.0,129.0
-82.0,136.0
-74.0,149.0
-67.0,146.0
-70.0,135.0
-68.0,132.0
-73.0,134.0
-77.0,126.0
-71.0,129.0
-70.0,141.0
-78.0,146.0
-74.0,151.0
-58.0,146.0
-47.0,134.0
-60.0,141.0
-76.0,148.0
-76.0,155.0
-65.0,162.0
-59.0,155.0
-58.0,144.0
-56.0,149.0
-63.0,144.0
-72.0,134.0
-70.0,130.0
-54.0,133.0
-42.0,138.0
-48.0,148.0
-51.0,148.0
-55.0,138.0
-56.0,134.0
-56.0,135.0
-59.0,138.0
-49.0,139.0
-41.0,139.0
-38.0,138.0
-48.0,145.0
-61.0,149.0
-66.0,144.0
-52.0,141.0
-42.0,147.0
-34.0,146.0
-28.0,150.0
-25.0,155.0
-32.0,152.0
-43.0,147.0
-40.0,147.0
-33.0,160.0
-33.0,154.0
-45.0,141.0
-57.0,139.0
-50.0,138.0
-46.0,137.0
-50.0,137.0
-52.0,140.0
-54.0,149.0
-53.0,160.0
-53.0,161.0
-51.0,155.0
-39.0,145.0
-31.0,147.0
-29.0,160.0
-36.0,155.0
-50.0,141.0
-49.0,141.0
-34.0,136.0
-30.0,132.0
-40.0,132.0
-36.0,139.0
-21.0,141.0
-23.0,134.0
-25.0,133.0
-28.0,133.0
-50.0,135.0
-60.0,141.0
-48.0,154.0
-33.0,167.0
-20.0,166.0
-24.0,155.0
-36.0,148.0
-33.0,148.0
-24.0,141.0
-35.0,146.0
-45.0,155.0
-46.0,150.0
-43.0,151.0
-22.0,159.0
-12.0,150.0
-20.0,151.0
-34.0,155.0
-31.0,147.0
-21.0,142.0
-16.0,142.0
-14.0,159.0
-6.0,163.0
-6.0,155.0
-12.0,154.0
-16.0,157.0
-12.0,155.0
-8.0,150.0
-20.0,157.0
-28.0,159.0
-23.0,161.0
-6.0,172.0
5.0,171.0
-4.0,155.0
-14.0,145.0
-17.0,150.0
-22.0,154.0
-18.0,146.0
-9.0,140.0
-18.0,154.0
-38.0,160.0
-39.0,151.0
-19.0,148.0
-10.0,146.0
-4.0,142.0
-6.0,143.0
-12.0,149.0
-28.0,154.0
-29.0,157.0
-6.0,160.0
5.0,159.0
1.0,155.0
-7.0,152.0
-6.0,147.0
-3.0,149.0
1.0,154.0
5.0,150.0
3.0,143.0
12.0,143.0
21.0,149.0
17.0,152.0
7.0,150.0
0.0,154.0
7.0,160.0
15.0,157.0
16.0,159.0
14.0,161.0
5.0,163.0
-2.0,158.0
14.0,145.0
34.0,134.0
40.0,130.0
41.0,145.0
27.0,155.0
10.0,149.0
8.0,151.0
17.0,158.0
24.0,149.0
29.0,144.0
19.0,149.0
12.0,135.0
17.0,122.0
28.0,129.0
21.0,139.0
16.0,159.0
27.0,170.0
34.0,161.0
23.0,157.0
4.0,150.0
5.0,142.0
15.0,163.0
29.0,175.0
32.0,156.0
24.0,145.0
18.0,140.0
25.0,143.0
35.0,150.0
33.0,156.0
31.0,153.0
38.0,154.0
36.0,159.0
29.0,150.0
25.0,147.0
20.0,160.0
24.0,164.0
28.0,148.0
34.0,138.0
42.0,142.0
45.0,154.0
40.0,150.0
45.0,138.0
42.0,153.0
33.0,168.0
41.0,153.0
45.0,133.0
39.0,126.0
35.0,143.0
35.0,161.0
34.0,163.0
42.0,150.0
46.0,137.0
51.0,132.0
53.0,135.0
50.0,133.0
53.0,134.0
40.0,147.0
32.0,159.0
37.0,160.0
38.0,147.0
30.0,139.0
32.0,147.0
46.0,159.0
55.0,154.0
61.0,140.0
50.0,135.0
33.0,143.0
30.0,143.0
30.0,137.0
31.0,136.0
43.0,146.0
57.0,142.0
52.0,139.0
53.0,138.0
54.0,128.0
45.0,130.0
42.0,137.0
48.0,148.0
51.0,157.0
62.0,151.0
64.0,136.0
53.0,130.0
47.0,144.0
49.0,147.0
52.0,138.0
52.0,141.0
51.0,149.0
62.0,140.0
76.0,135.0
73.0,146.0
71.0,142.0
74.0,137.0
66.0,134.0
59.0,137.0
58.0,153.0
56.0,159.0
50.0,149.0
49.0,137.0
55.0,123.0
57.0,122.0
59.0,126.0
57.0,129.0
65.0,130.0
66.0,131.0
66.0,137.0
74.0,126.0
79.0,114.0
81.0,125.0
83.0,136.0
83.0,126.0
71.0,127.0
63.0,135.0
73.0,133.0
83.0,131.0
79.0,134.0
75.0,139.0
85.0,142.0
87.0,134.0
78.0,136.0
76.0,135.0
78.0,128.0
84.0,132.0
88.0,130.0
84.0,132.0
83.0,131.0
78.0,131.0
68.0,132.0
79.0,124.0
92.0,117.0
101.0,121.0
100.0,119.0
97.0,118.0
96.0,125.0
88.0,127.0
80.0,121.0
83.0,122.0
94.0,123.0
107.0,127.0
108.0,128.0
97.0,129.0
100.0,129.0
105.0,123.0
102.0,109.0
91.0,96.0
75.0,95.0
75.0,103.0
88.0,107.0
103.0,115.0
104.0,122.0
88.0,119.0
80.0,111.0
86.0,108.0
88.0,112.0
101.0,118.0
110.0,118.0
94.0,124.0
83.0,136.0
86.0,138.0
94.0,130.0
94.0,120.0
88.0,108.0
95.0,112.0
102.0,129.0
93.0,126.0
84.0,118.0
90.0,116.0
102.0,114.0
105.0,106.0
106.0,105.0
106.0,113.0
89.0,116.0
90.0,105.0
101.0,104.0
117.0,113.0
115.0,108.0
96.0,110.0
91.0,109.0
104.0,120.0
109.0,125.0
107.0,116.0
97.0,101.0
84.0,86.0
92.0,90.0
109.0,103.0
120.0,108.0
120.0,110.0
114.0,115.0
102.0,118.0
100.0,100.0
106.0,79.0
119.0,80.0
120.0,96.0
120.0,102.0
125.0,90.0
123.0,74.0
123.0,68.0
107.0,79.0
99.0,84.0
109.0,87.0
120.0,85.0
116.0,82.0
113.0,89.0
119.0,90.0
131.0,97.0
132.0,100.0
123.0,103.0
121.0,97.0
122.0,90.0
114.0,85.0
102.0,88.0
110.0,92.0
122.0,93.0
133.0,96.0
123.0,83.0
108.0,81.0
102.0,84.0
103.0,72.0
104.0,64.0
96.0,77.0
105.0,83.0
106.0,75.0
108.0,77.0
113.0,77.0
121.0,77.0
126.0,82.0
130.0,95.0
135.0,91.0
137.0,72.0
144.0,75.0
144.0,85.0
138.0,86.0
144.0,89.0
144.0,92.0
143.0,85.0
138.0,79.0
135.0,78.0
133.0,79.0
132.0,79.0
139.0,79.0
144.0,84.0
133.0,80.0
126.0,77.0
146.0,80.0
160.0,78.0
155.0,63.0
146.0,53.0
137.0,70.0
135.0,83.0
139.0,78.0
143.0,71.0
141.0,61.0
147.0,52.0
151.0,53.0
147.0,62.0
142.0,67.0
133.0,77.0
135.0,88.0
140.0,71.0
133.0,60.0
133.0,63.0
144.0,60.0
152.0,62.0
153.0,63.0
149.0,63.0
152.0,73.0
157.0,80.0
152.0,71.0
148.0,52.0
141.0,47.0
138.0,56.0
146.0,63.0
148.0,64.0
137.0,64.0
139.0,60.0
145.0,52.0
151.0,49.0
158.0,45.0
156.0,48.0
140.0,62.0
132.0,64.0
131.0,60.0
127.0,54.0
133.0,50.0
137.0,45.0
135.0,45.0
143.0,49.0
155.0,42.0
155.0,32.0
150.0,28.0
142.0,41.0
148.0,44.0
154.0,50.0
149.0,53.0
152.0,46.0
150.0,31.0
149.0,35.0
143.0,45.0
139.0,48.0
145.0,37.0
160.0,26.0
156.0,33.0
146.0,33.0
141.0,24.0
143.0,33.0
152.0,41.0
160.0,38.0
159.0,43.0
153.0,43.0
140.0,39.0
142.0,45.0
157.0,53.0
160.0,47.0
155.0,34.0
152.0,30.0
146.0,28.0
150.0,23.0
155.0,33.0
163.0,42.0
158.0,41.0
139.0,36.0
136.0,40.0
139.0,42.0
145.0,35.0
150.0,31.0
154.0,19.0
150.0,4.0
147.0,8.0
147.0,12.0
148.0,7.0
156.0,-1.0
152.0,10.0
147.0,21.0
149.0,15.0
143.0,20.0
154.0,26.0
177.0,26.0
175.0,31.0
158.0,29.0
151.0,22.0
158.0,12.0
164.0,-1.0
155.0,-2.0
147.0,12.0
146.0,17.0
160.0,10.0
158.0,8.0
146.0,14.0
150.0,19.0
151.0,12.0
143.0,12.0
136.0,18.0
137.0,10.0
138.0,1.0
147.0,1.0
159.0,7.0
161.0,20.0
164.0,18.0
158.0,8.0
140.0,1.0
127.0,0.0
135.0,8.0
148.0,11.0
143.0,0.0
143.0,-6.0
152.0,-15.0
157.0,-25.0
152.0,-19.0
152.0,-9.0
161.0,-3.0
157.0,-4.0
156.0,3.0
157.0,5.0
155.0,-2.0
153.0,-5.0
151.0,-1.0
145.0,-3.0
142.0,-4.0
152.0,-1.0
155.0,-7.0
164.0,-26.0
165.0,-25.0
153.0,-14.0
145.0,-11.0
158.0,-15.0
168.0,-18.0
158.0,-15.0
153.0,-10.0
150.0,-12.0
155.0,-21.0
167.0,-18.0
168.0,-10.0
154.0,-6.0
150.0,-11.0
161.0,-19.0
172.0,-11.0
160.0,6.0
140.0,4.0
148.0,-20.0
163.0,-40.0
156.0,-30.0
145.0,-16.0
154.0,-12.0
158.0,-23.0
153.0,-38.0
157.0,-36.0
162.0,-28.0
149.0,-21.0
140.0,-25.0
145.0,-21.0
150.0,-15.0
156.0,-24.0
158.0,-32.0
157.0,-31.0
147.0,-27.0
149.0,-27.0
169.0,-9.0
173.0,4.0
163.0,-11.0
157.0,-29.0
163.0,-34.0
165.0,-25.0
163.0,-34.0
156.0,-43.0
158.0,-42.0
168.0,-44.0
166.0,-36.0
162.0,-29.0
160.0,-35.0
165.0,-34.0
159.0,-25.0
152.0,-18.0
156.0,-25.0
158.0,-39.0
155.0,-46.0
156.0,-42.0
162.0,-40.0
151.0,-38.0
129.0,-39.0
124.0,-42.0
122.0,-48.0
134.0,-49.0
149.0,-46.0
149.0,-42.0
142.0,-28.0
137.0,-28.0
144.0,-38.0
154.0,-39.0
147.0,-46.0
137.0,-57.0
136.0,-56.0
147.0,-45.0
149.0,-37.0
143.0,-39.0
136.0,-46.0
134.0,-44.0
139.0,-44.0
149.0,-52.0
151.0,-53.0
132.0,-55.0
128.0,-57.0
136.0,-65.0
148.0,-64.0
156.0,-50.0
162.0,-45.0
157.0,-46.0
151.0,-48.0
154.0,-42.0
147.0,-41.0
139.0,-53.0
143.0,-58.0
147.0,-59.0
146.0,-54.0
149.0,-55.0
151.0,-74.0
142.0,-74.0
132.0,-65.0
129.0,-59.0
125.0,-63.0
125.0,-68.0
139.0,-68.0
150.0,-69.0
146.0,-65.0
142.0,-70.0
133.0,-81.0
126.0,-81.0
126.0,-80.0
134.0,-77.0
145.0,-65.0
150.0,-54.0
143.0,-71.0
133.0,-85.0
134.0,-87.0
134.0,-84.0
129.0,-84.0
126.0,-87.0
131.0,-89.0
136.0,-88.0
129.0,-87.0
118.0,-88.0
115.0,-82.0
117.0,-85.0
130.0,-78.0
134.0,-77.0
129.0,-83.0
140.0,-84.0
138.0,-77.0
131.0,-65.0
127.0,-74.0
125.0,-85.0
131.0,-88.0
126.0,-86.0
118.0,-84.0
121.0,-84.0
119.0,-79.0
115.0,-85.0
113.0,-87.0
113.0,-88.0
125.0,-84.0
128.0,-79.0
127.0,-87.0
142.0,-92.0
143.0,-90.0
128.0,-89.0
123.0,-80.0
118.0,-80.0
111.0,-93.0
115.0,-104.0
127.0,-97.0
118.0,-91.0
108.0,-90.0
110.0,-90.0
118.0,-86.0
122.0,-79.0
119.0,-84.0
119.0,-97.0
121.0,-100.0
132.0,-102.0
132.0,-106.0
114.0,-100.0
103.0,-94.0
111.0,-109.0
117.0,-115.0
121.0,-115.0
116.0,-109.0
119.0,-97.0
122.0,-113.0
108.0,-129.0
92.0,-125.0
94.0,-116.0
113.0,-112.0
122.0,-119.0
117.0,-121.0
107.0,-117.0
100.0,-110.0
108.0,-104.0
119.0,-109.0
117.0,-111.0
106.0,-104.0
100.0,-107.0
97.0,-126.0
97.0,-135.0
96.0,-139.0
98.0,-139.0
99.0,-133.0
98.0,-116.0
107.0,-101.0
104.0,-103.0
96.0,-113.0
100.0,-114.0
105.0,-110.0
100.0,-114.0
98.0,-123.0
98.0,-115.0
95.0,-105.0
89.0,-122.0
92.0,-129.0
101.0,-120.0
92.0,-113.0
86.0,-102.0
90.0,-90.0
105.0,-87.0
111.0,-95.0
108.0,-110.0
103.0,-116.0
94.0,-114.0
88.0,-113.0
92.0,-120.0
96.0,-122.0
99.0,-107.0
99.0,-101.0
87.0,-104.0
88.0,-113.0
96.0,-125.0
103.0,-134.0
111.0,-137.0
110.0,-141.0
103.0,-148.0
96.0,-143.0
82.0,-136.0
71.0,-130.0
73.0,-113.0
78.0,-107.0
84.0,-117.0
93.0,-120.0
96.0,-128.0
82.0,-135.0
67.0,-130.0
63.0,-125.0
75.0,-135.0
93.0,-144.0
89.0,-142.0
72.0,-139.0
64.0,-126.0
71.0,-116.0
84.0,-120.0
82.0,-128.0
79.0,-138.0
72.0,-148.0
74.0,-145.0
86.0,-136.0
91.0,-135.0
82.0,-128.0
69.0,-127.0
79.0,-134.0
82.0,-148.0
80.0,-151.0
86.0,-132.0
80.0,-124.0
67.0,-137.0
70.0,-143.0
68.0,-130.0
62.0,-120.0
61.0,-135.0
66.0,-141.0
69.0,-139.0
63.0,-134.0
58.0,-134.0
62.0,-134.0
63.0,-123.0
65.0,-124.0
66.0,-132.0
63.0,-125.0
68.0,-121.0
72.0,-131.0
67.0,-130.0
61.0,-121.0
56.0,-117.0
66.0,-129.0
68.0,-138.0
65.0,-131.0
61.0,-124.0
53.0,-134.0
60.0,-138.0
60.0,-136.0
57.0,-133.0
64.0,-135.0
67.0,-144.0
61.0,-140.0
53.0,-136.0
59.0,-135.0
68.0,-132.0
54.0,-138.0
51.0,-150.0
50.0,-155.0
40.0,-150.0
45.0,-134.0
40.0,-120.0
35.0,-119.0
39.0,-124.0
41.0,-134.0
37.0,-136.0
33.0,-130.0
35.0,-141.0
40.0,-160.0
41.0,-147.0
29.0,-138.0
26.0,-151.0
32.0,-158.0
27.0,-161.0
24.0,-157.0
30.0,-153.0
33.0,-157.0
34.0,-157.0
32.0,-138.0
27.0,-128.0
26.0,-134.0
25.0,-140.0
26.0,-140.0
41.0,-137.0
46.0,-145.0
35.0,-151.0
26.0,-151.0
25.0,-149.0
27.0,-147.0
28.0,-147.0
34.0,-148.0
39.0,-149.0
44.0,-144.0
47.0,-144.0
40.0,-147.0
24.0,-157.0
17.0,-158.0
21.0,-149.0
43.0,-138.0
51.0,-139.0
34.0,-149.0
29.0,-146.0
32.0,-140.0
31.0,-140.0
25.0,-146.0
20.0,-146.0
20.0,-153.0
22.0,-164.0
21.0,-159.0
19.0,-155.0
14.0,-145.0
21.0,-138.0
21.0,-138.0
17.0,-135.0
23.0,-140.0
27.0,-156.0
23.0,-166.0
18.0,-153.0
2.0,-141.0
-9.0,-150.0
6.0,-160.0
14.0,-157.0
8.0,-143.0
1.0,-136.0
-6.0,-145.0
-7.0,-146.0
-3.0,-135.0
0.0,-136.0
5.0,-150.0
10.0,-152.0
2.0,-153.0
4.0,-152.0
9.0,-147.0
6.0,-150.0
-1.0,-153.0
1.0,-155.0
9.0,-157.0
6.0,-162.0
-1.0,-172.0
3.0,-170.0
7.0,-150.0
2.0,-139.0
1.0,-143.0
8.0,-155.0
8.0,-153.0
-2.0,-136.0
-8.0,-123.0
-3.0,-122.0
-5.0,-143.0
-5.0,-154.0
-5.0,-145.0
-9.0,-134.0
-4.0,-137.0
5.0,-150.0
8.0,-159.0
9.0,-153.0
0.0,-145.0
-8.0,-141.0
-19.0,-135.0
-17.0,-146.0
-11.0,-161.0
-13.0,-162.0
-6.0,-150.0
-1.0,-150.0
-7.0,-162.0
-28.0,-160.0
-35.0,-152.0
-28.0,-147.0
-23.0,-152.0
-15.0,-160.0
-10.0,-152.0
-12.0,-151.0
-15.0,-156.0
-13.0,-148.0
-7.0,-142.0
-11.0,-142.0
-18.0,-142.0
-13.0,-145.0
-4.0,-160.0
3.0,-158.0
-3.0,-148.0
-20.0,-149.0
-36.0,-151.0
-43.0,-134.0
-38.0,-127.0
-30.0,-132.0
-29.0,-133.0
-36.0,-146.0
-48.0,-153.0
-51.0,-153.0
-41.0,-145.0
-39.0,-148.0
-42.0,-153.0
-34.0,-155.0
-23.0,-153.0
-18.0,-146.0
-27.0,-137.0
-42.0,-140.0
-44.0,-143.0
-48.0,-144.0
-50.0,-151.0
-48.0,-154.0
-55.0,-144.0
-58.0,-139.0
-50.0,-146.0
-46.0,-147.0
-48.0,-143.0
-55.0,-139.0
-55.0,-135.0
-52.0,-137.0
-47.0,-150.0
-42.0,-152.0
-41.0,-146.0
-52.0,-148.0
-52.0,-142.0
-35.0,-138.0
-42.0,-138.0
-62.0,-147.0
-68.0,-151.0
-64.0,-144.0
-50.0,-142.0
-39.0,-136.0
-36.0,-136.0
-50.0,-142.0
-56.0,-147.0
-51.0,-147.0
-55.0,-141.0
-57.0,-137.0
-56.0,-145.0
-53.0,-151.0
-52.0,-144.0
-66.0,-139.0
-71.0,-144.0
-60.0,-140.0
-56.0,-131.0
-56.0,-135.0
-55.0,-148.0
-57.0,-143.0
-58.0,-129.0
-56.0,-118.0
-62.0,-121.0
-63.0,-133.0
-55.0,-140.0
-47.0,-130.0
-45.0,-125.0
-55.0,-131.0
-73.0,-137.0
-84.0,-137.0
-77.0,-124.0
-62.0,-116.0
-57.0,-116.0
-55.0,-116.0
-67.0,-126.0
-70.0,-149.0
-70.0,-145.0
-81.0,-122.0
-88.0,-122.0
-87.0,-127.0
-76.0,-127.0
-68.0,-124.0
-76.0,-126.0
-78.0,-130.0
-71.0,-131.0
-77.0,-125.0
-81.0,-123.0
-84.0,-126.0
-79.0,-120.0
-81.0,-126.0
-94.0,-133.0
-88.0,-128.0
-71.0,-122.0
-69.0,-118.0
-80.0,-121.0
-80.0,-120.0
-79.0,-112.0
-86.0,-115.0
-91.0,-123.0
-91.0,-128.0
-100.0,-120.0
-104.0,-113.0
-87.0,-113.0
-82.0,-115.0
-90.0,-120.0
-76.0,-124.0
-64.0,-122.0
-69.0,-114.0
-78.0,-110.0
-88.0,-115.0
-96.0,-124.0
-99.0,-126.0
-90.0,-130.0
-81.0,-127.0
-87.0,-127.0
-94.0,-129.0
-99.0,-133.0
-92.0,-120.0
-75.0,-108.0
-64.0,-115.0
-67.0,-121.0
-78.0,-113.0
-82.0,-108.0
-80.0,-100.0
-87.0,-93.0
-87.0,-91.0
-81.0,-95.0
-85.0,-113.0
-94.0,-112.0
-108.0,-102.0
-104.0,-106.0
-99.0,-108.0
-93.0,-107.0
-95.0,-104.0
-103.0,-107.0
-94.0,-109.0
-89.0,-111.0
-96.0,-119.0
-107.0,-117.0
-118.0,-106.0
-120.0,-98.0
-109.0,-100.0
-104.0,-98.0
-110.0,-104.0
-128.0,-110.0
-125.0,-110.0
-114.0,-105.0
-114.0,-97.0
-107.0,-94.0
-104.0,-90.0
-109.0,-85.0
-108.0,-93.0
-105.0,-104.0
-103.0,-110.0
-105.0,-119.0
-113.0,-102.0
-109.0,-91.0
-109.0,-101.0
-115.0,-112.0
-111.0,-109.0
-102.0,-97.0
-96.0,-93.0
-100.0,-99.0
-113.0,-112.0
-115.0,-107.0
-109.0,-101.0
-99.0,-99.0
-91.0,-97.0
-103.0,-93.0
-112.0,-90.0
-110.0,-88.0
-105.0,-84.0
-113.0,-82.0
-124.0,-79.0
-128.0,-88.0
-130.0,-97.0
-115.0,-99.0
-98.0,-94.0
-104.0,-89.0
-130.0,-84.0
-135.0,-93.0
-121.0,-95.0
-111.0,-90.0
-112.0,-98.0
-114.0,-105.0
-124.0,-96.0
-134.0,-81.0
-132.0,-68.0
-122.0,-66.0
-123.0,-78.0
-123.0,-86.0
-121.0,-87.0
-118.0,-87.0
-103.0,-88.0
-91.0,-79.0
-102.0,-75.0
-127.0,-86.0
-129.0,-85.0
-120.0,-72.0
-121.0,-71.0
-134.0,-81.0
-143.0,-85.0
-141.0,-88.0
-139.0,-94.0
-133.0,-95.0
-131.0,-101.0
-139.0,-106.0
-130.0,-98.0
-120.0,-91.0
-122.0,-92.0
-133.0,-89.0
-141.0,-78.0
-138.0,-80.0
-135.0,-75.0
-138.0,-75.0
-135.0,-77.0
-115.0,-72.0
-114.0,-66.0
-129.0,-66.0
-140.0,-75.0
-144.0,-84.0
-139.0,-82.0
-135.0,-75.0
-133.0,-80.0
-142.0,-75.0
-142.0,-61.0
-134.0,-66.0
-133.0,-81.0
-130.0,-85.0
-130.0,-84.0
-136.0,-88.0
-137.0,-93.0
-124.0,-85.0
-129.0,-66.0
-135.0,-60.0
-141.0,-67.0
-142.0,-58.0
-138.0,-47.0
-139.0,-48.0
-134.0,-53.0
-125.0,-56.0
-122.0,-56.0
-124.0,-55.0
-144.0,-56.0
-150.0,-58.0
-140.0,-63.0
-128.0,-71.0
-122.0,-83.0
-117.0,-82.0
-118.0,-63.0
-131.0,-64.0
-132.0,-71.0
-119.0,-57.0
-123.0,-54.0
-135.0,-57.0
-149.0,-52.0
-146.0,-50.0
-133.0,-53.0
-123.0,-54.0
-118.0,-54.0
-131.0,-50.0
-148.0,-46.0
-152.0,-36.0
-146.0,-38.0
-135.0,-45.0
-129.0,-43.0
-142.0,-46.0
-144.0,-57.0
-138.0,-48.0
-141.0,-32.0
-152.0,-27.0
-151.0,-27.0
-146.0,-39.0
-145.0,-47.0
-142.0,-47.0
-147.0,-43.0
-152.0,-39.0
-154.0,-32.0
-154.0,-29.0
-148.0,-30.0
-157.0,-25.0
-160.0,-20.0
-148.0,-25.0
-141.0,-31.0
-143.0,-29.0
-155.0,-23.0
-160.0,-22.0
-161.0,-24.0
-159.0,-24.0
-150.0,-29.0
-145.0,-39.0
-147.0,-42.0
-149.0,-38.0
-148.0,-22.0
-155.0,-11.0
-161.0,-18.0
-165.0,-23.0
-160.0,-21.0
-154.0,-22.0
-150.0,-25.0
-152.0,-33.0
-163.0,-39.0
-163.0,-41.0
-149.0,-31.0
-147.0,-13.0
-153.0,-9.0
-151.0,-18.0
-145.0,-16.0
-145.0,-14.0
-154.0,-17.0
-160.0,-22.0
-150.0,-26.0
-136.0,-25.0
-128.0,-28.0
-137.0,-32.0
-139.0,-26.0
-132.0,-18.0
-143.0,-10.0
-150.0,-11.0
-156.0,-11.0
-160.0,-16.0
-160.0,-12.0
-162.0,-8.0
-161.0,-16.0
-154.0,-16.0
-149.0,-9.0
-149.0,-4.0
-161.0,-3.0
-172.0,-5.0
-172.0,2.0
-172.0,14.0
-164.0,12.0
-149.0,-1.0
-149.0,-9.0
-163.0,-10.0
-160.0,-9.0
-142.0,-15.0
-141.0,-13.0
-150.0,10.0
-156.0,25.0
-164.0,5.0
-155.0,-8.0
-143.0,-1.0
-147.0,10.0
-143.0,19.0
-150.0,13.0
-160.0,7.0
-156.0,4.0
-158.0,4.0
-151.0,-4.0
-148.0,-14.0
-159.0,-6.0
-160.0,3.0
-161.0,-6.0
-149.0,-4.0
-143.0,5.0
-139.0,5.0
-143.0,2.0
-154.0,6.0
-152.0,8.0
-138.0,3.0
-138.0,9.0
-152.0,16.0
-166.0,20.0
-164.0,21.0
-154.0,17.0
-153.0,15.0
-148.0,19.0
-143.0,27.0
-139.0,28.0
-133.0,25.0
-127.0,22.0
-131.0,23.0
-139.0,14.0
-142.0,3.0
-144.0,14.0
-141.0,18.0
-129.0,11.0
-124.0,9.0
-138.0,16.0
-152.0,25.0
-156.0,15.0
-159.0,5.0
-149.0,5.0
-139.0,13.0
-149.0,25.0
-155.0,28.0
-140.0,24.0
-133.0,27.0
-133.0,32.0
-141.0,30.0
-164.0,19.0
-168.0,8.0
-159.0,7.0
-165.0,13.0
-167.0,28.0
-153.0,41.0
-140.0,30.0
-148.0,24.0
-158.0,23.0
-152.0,21.0
-143.0,20.0
-138.0,20.0
-139.0,21.0
-146.0,27.0
-153.0,28.0
-156.0,19.0
-158.0,22.0
-151.0,36.0
-136.0,42.0
-131.0,36.0
-128.0,29.0
-132.0,32.0
-136.0,37.0
-135.0,44.0
-142.0,52.0
-159.0,61.0
-159.0,59.0
-146.0,55.0
-136.0,62.0
-131.0,55.0
-146.0,41.0
-159.0,45.0
-156.0,48.0
-147.0,53.0
-147.0,47.0
-145.0,49.0
-128.0,55.0
-117.0,59.0
-121.0,62.0
-143.0,61.0
-161.0,56.0
-148.0,48.0
-132.0,43.0
-135.0,37.0
-141.0,49.0
-144.0,61.0
-140.0,64.0
-142.0,65.0
-143.0,71.0
-138.0,71.0
-138.0,63.0
-136.0,55.0
-138.0,52.0
-139.0,50.0
-133.0,61.0
-129.0,71.0
-133.0,69.0
-147.0,63.0
-146.0,53.0
-136.0,59.0
-131.0,60.0
-132.0,68.0
-135.0,71.0
-128.0,69.0
-129.0,71.0
-130.0,63.0
-129.0,58.0
-134.0,47.0
-141.0,44.0
-140.0,54.0
-129.0,66.0
-130.0,74.0
-137.0,70.0
-136.0,64.0
-127.0,69.0
-128.0,65.0
-129.0,55.0
-133.0,63.0
-129.0,69.0
-119.0,75.0
-123.0,78.0
-131.0,75.0
-129.0,78.0
-133.0,74.0
-132.0,68.0
-119.0,68.0
-115.0,70.0
-115.0,71.0
-135.0,69.0
-150.0,72.0
-152.0,75.0
-147.0,65.0
-133.0,59.0
-120.0,66.0
-114.0,71.0
-114.0,74.0
-121.0,71.0
-134.0,69.0
-139.0,65.0
-127.0,68.0
-118.0,79.0
-121.0,83.0
-125.0,89.0
-132.0,93.0
-132.0,91.0
-127.0,87.0
-132.0,73.0
-130.0,68.0
-123.0,72.0
-118.0,74.0
-120.0,73.0
-123.0,68.0
-125.0,77.0
-126.0,81.0
-126.0,79.0
-114.0,85.0
-110.0,93.0
-117.0,91.0
-118.0,81.0
-108.0,70.0
-105.0,63.0
-106.0,66.0
-110.0,75.0
-119.0,84.0
-113.0,84.0
-101.0,88.0
-110.0,89.0
-121.0,86.0
-118.0,89.0
-115.0,92.0
-106.0,96.0
-98.0,108.0
-102.0,121.0
-105.0,114.0
-101.0,92.0
-96.0,87.0
-97.0,94.0
-101.0,102.0
-99.0,106.0
-96.0,104.0
-106.0,93.0
-106.0,94.0
-94.0,109.0
-89.0,108.0
-91.0,105.0
-101.0,102.0
-102.0,95.0
-104.0,93.0
-107.0,104.0
-108.0,111.0
-103.0,102.0
-103.0,98.0
-114.0,106.0
-109.0,107.0
-103.0,97.0
-96.0,99.0
-98.0,108.0
-112.0,114.0
-105.0,117.0
-103.0,116.0
-103.0,112.0
-98.0,111.0
-92.0,102.0
-97.0,93.0
-113.0,91.0
-121.0,97.0
-117.0,109.0
-100.0,110.0
-93.0,104.0
-98.0,104.0
-96.0,119.0
-96.0,126.0
-101.0,130.0
-106.0,132.0
-104.0,122.0
-101.0,110.0
-99.0,106.0
-91.0,111.0
-86.0,120.0
-90.0,118.0
-92.0,122.0
-90.0,132.0
-92.0,126.0
-102.0,120.0
-110.0,118.0
-104.0,118.0
-98.0,110.0
-93.0,105.0
-88.0,111.0
-91.0,121.0
-85.0,129.0
-82.0,126.0
-87.0,119.0
-97.0,113.0
-97.0,121.0
-89.0,139.0
-87.0,149.0
-91.0,143.0
-88.0,127.0
-79.0,120.0
-75.0,130.0
-87.0,137.0
-96.0,146.0
-85.0,140.0
-79.0,121.0
-83.0,114.0
-87.0,119.0
-82.0,127.0
-71.0,132.0
-69.0,124.0
-67.0,120.0
-64.0,126.0
-66.0,122.0
-65.0,114.0
-64.0,111.0
-75.0,131.0
-78.0,143.0
-67.0,136.0
-58.0,130.0
-47.0,124.0
-46.0,130.0
-52.0,135.0
-55.0,137.0
-64.0,137.0
-78.0,122.0
-73.0,115.0
-67.0,124.0
-66.0,141.0
-58.0,144.0
-58.0,137.0
-59.0,125.0
-53.0,120.0
-46.0,127.0
-47.0,139.0
-48.0,140.0
-49.0,136.0
-56.0,130.0
-63.0,125.0
-58.0,129.0
-44.0,136.0
-48.0,141.0
-51.0,145.0
-58.0,139.0
-64.0,142.0
-64.0,138.0
-59.0,124.0
-65.0,122.0
-58.0,133.0
-55.0,144.0
-63.0,139.0
-54.0,126.0
-51.0,119.0
-49.0,119.0
-47.0,130.0
-54.0,144.0
-58.0,147.0
-54.0,153.0
-63.0,143.0
-70.0,125.0
-57.0,120.0
-45.0,123.0
-42.0,131.0
-45.0,141.0
-42.0,141.0
-33.0,135.0
-39.0,137.0
-42.0,149.0
-41.0,140.0
-39.0,137.0
-43.0,151.0
-44.0,156.0
-44.0,155.0
-45.0,141.0
-40.0,150.0
-40.0,161.0
-32.0,149.0
-32.0,141.0
-38.0,146.0
-31.0,156.0
-18.0,157.0
-18.0,155.0
-22.0,150.0
-30.0,147.0
-34.0,154.0
-27.0,139.0
-28.0,132.0
-31.0,139.0
-23.0,140.0
-10.0,156.0
-1.0,160.0
-3.0,148.0
-12.0,149.0
-17.0,144.0
-22.0,134.0
-29.0,141.0
-36.0,155.0
-35.0,155.0
-36.0,150.0
-38.0,147.0
-35.0,148.0
-33.0,150.0
-31.0,149.0
-31.0,142.0
-29.0,137.0
-30.0,138.0
-33.0,144.0
-31.0,158.0
-23.0,165.0
-14.0,162.0
-15.0,150.0
-23.0,142.0
-33.0,141.0
-33.0,142.0
-35.0,138.0
-63.0,139.0
-99.0,141.0
-92.0,139.0
-39.0,146.0
10.0,152.0
-10.0,155.0
-79.0,158.0
-110.0,151.0
-49.0,144.0
52.0,154.0
105.0,159.0
10.0,155.0
-188.0,152.0
-406.0,154.0
-343.0,153.0
83.0,157.0
731.0,168.0
951.0,168.0
412.0,158.0
-1356.0,166.0
-2048.0,224.0
-2048.0,335.0
-2048.0,430.0
-2048.0,435.0
-2048.0,434.0
-2048.0,459.0
-2048.0,487.0
-2048.0,473.0
-2048.0,521.0
-2048.0,607.0
-2048.0,679.0
-2048.0,713.0
-2048.0,680.0
-2048.0,670.0
-2048.0,739.0
-2048.0,876.0
-2048.0,1029.0
-2048.0,1102.0
-2048.0,994.0
-2048.0,708.0
-1611.0,268.0
1825.0,-235.0
1913.0,-715.0
1980.0,-1116.0
1879.0,-1323.0
2008.0,-1249.0
1834.0,-945.0
2047.0,-475.0
1042.0,90.0
-2048.0,685.0
-2026.0,1229.0
-2048.0,1692.0
-2022.0,1966.0
-2048.0,1980.0
-1952.0,1943.0
-2048.0,1019.0
96.0,-156.0
2047.0,-1181.0
1656.0,-1644.0
2047.0,-1172.0
951.0,-14.0
-2048.0,1413.0
-1973.0,1982.0
-2048.0,1963.0
-1510.0,632.0
1876.0,-1007.0
1953.0,-1915.0
1884.0,-1796.0
1994.0,-626.0
-1353.0,1031.0
-2048.0,1987.0
-2018.0,1957.0
-2048.0,1990.0
-2048.0,1967.0
-2048.0,1984.0
-2048.0,1971.0
-2048.0,1979.0
-2048.0,1972.0
-2048.0,1976.0
-2048.0,1972.0
-2048.0,1975.0
-2048.0,1974.0
-2048.0,1975.0
-2048.0,1975.0
-2048.0,1974.0
-2048.0,1973.0
-2048.0,1972.0
-2048.0,1972.0
-2048.0,1972.0
-2048.0,1971.0
-2048.0,1971.0
-2048.0,1971.0
-2048.0,1971.0
-2048.0,1972.0
-2048.0,1972.0
-2048.0,1972.0
-2048.0,1971.0
-2048.0,1973.0
-2048.0,1969.0
-2048.0,1973.0
-2048.0,1966.0
-2048.0,1973.0
-2048.0,1962.0
-2048.0,1976.0
-2048.0,1956.0
-2048.0,1985.0
-2040.0,1939.0
-2048.0,2018.0
-1462.0,659.0
1906.0,-1396.0
1872.0,-2048.0
2007.0,-2048.0
1855.0,-2048.0
2036.0,-2048.0
1792.0,-2048.0
2047.0,-1907.0
829.0,129.0
-2048.0,1819.0
-2012.0,1983.0
-2048.0,1968.0
-2048.0,1968.0
-2048.0,1973.0
-2048.0,1964.0
-2048.0,1976.0
-2048.0,1959.0
-2048.0,1983.0
-2048.0,1954.0
-2048.0,1992.0
-2048.0,1939.0
-2048.0,2013.0
-1995.0,1900.0
-2048.0,2047.0
-1152.0,637.0
2032.0,-1852.0
1854.0,-2048.0
1998.0,-2048.0
1893.0,-2048.0
1974.0,-2048.0
1907.0,-2048.0
1964.0,-2048.0
1911.0,-2048.0
1964.0,-2048.0
1906.0,-2048.0
1972.0,-2048.0
1890.0,-2046.0
1997.0,-2048.0
1842.0,-2000.0
2047.0,-2048.0
1197.0,-300.0
-2048.0,2004.0
-2048.0,1910.0
-2048.0,2019.0
-2048.0,1935.0
-2048.0,2002.0
-2048.0,1945.0
-2048.0,1996.0
-2048.0,1946.0
-2048.0,1997.0
-2048.0,1939.0
-2048.0,2008.0
-2048.0,1921.0
-2048.0,2036.0
-1985.0,1866.0
-2048.0,2047.0
-1011.0,618.0
2047.0,-2048.0
1838.0,-2031.0
2008.0,-2048.0
1885.0,-2048.0
1979.0,-2048.0
1903.0,-2048.0
1968.0,-2048.0
1907.0,-2048.0
1967.0,-2048.0
1903.0,-2048.0
1975.0,-2048.0
1886.0,-2029.0
2002.0,-2048.0
1833.0,-1965.0
2047.0,-2048.0
1088.0,-361.0
-2048.0,2047.0
-2048.0,1871.0
-2048.0,2043.0
-2048.0,1918.0
-2048.0,2015.0
-2048.0,1935.0
-2048.0,2005.0
-2048.0,1938.0
-2048.0,2005.0
-2048.0,1932.0
-2048.0,2016.0
-2047.0,1911.0
-2048.0,2047.0
-1972.0,1848.0
-2048.0,2047.0
-658.0,724.0
2047.0,-2048.0
1820.0,-2005.0
2019.0,-2048.0
1877.0,-2041.0
1985.0,-2048.0
1897.0,-2048.0
1972.0,-2048.0
1903.0,-2048.0
1971.0,-2048.0
1898.0,-2045.0
1981.0,-2048.0
1878.0,-2019.0
2013.0,-2048.0
1817.0,-1945.0
2047.0,-2048.0
781.0,-571.0
-2048.0,2047.0
-2038.0,1853.0
-2048.0,2047.0
-2048.0,1911.0
-2048.0,2020.0
-2048.0,1931.0
-2048.0,2007.0
-2048.0,1937.0
-2048.0,2006.0
-2048.0,1932.0
-2048.0,2016.0
-2048.0,1913.0
-2048.0,2047.0
-1987.0,1854.0
-2048.0,2047.0
-391.0,987.0
2047.0,-2048.0
1835.0,-2010.0
2010.0,-2048.0
1883.0,-2043.0
1978.0,-2048.0
1899.0,-2048.0
1967.0,-2048.0
1903.0,-2048.0
1966.0,-2048.0
1898.0,-2033.0
1977.0,-2048.0
1879.0,-1996.0
2011.0,-2048.0
1819.0,-1899.0
2047.0,-2048.0
-160.0,-167.0
-2048.0,2047.0
-1962.0,1870.0
-2048.0,1988.0
-1617.0,2001.0
1428.0,-1132.0
2008.0,-2048.0
1901.0,-1985.0
1937.0,-2048.0
1945.0,-2048.0
1894.0,-2007.0
2016.0,-2048.0
345.0,-726.0
-1900.0,2047.0
-2048.0,1815.0
-2048.0,2047.0
-2048.0,1849.0
-2048.0,2047.0
-2048.0,1794.0
-1999.0,2047.0
884.0,-127.0
2047.0,-2048.0
1766.0,-1807.0
2047.0,-2048.0
631.0,-1013.0
-2048.0,2047.0
-1930.0,1852.0
-2048.0,2047.0
-692.0,1361.0
2047.0,-2048.0
1755.0,-1965.0
2047.0,-2048.0
825.0,-1270.0
-2048.0,2047.0
-1946.0,1819.0
-2048.0,2047.0
-572.0,1253.0
2047.0,-2048.0
1761.0,-1942.0
2047.0,-2048.0
953.0,-1362.0
-2010.0,1948.0
-2030.0,1956.0
-2048.0,1965.0
-1276.0,1924.0
1670.0,-1442.0
1937.0,-2048.0
1942.0,-2010.0
1919.0,-2048.0
1944.0,-2048.0
1919.0,-2048.0
1946.0,-2048.0
1912.0,-2048.0
1955.0,-2048.0
1892.0,-2007.0
2002.0,-2048.0
632.0,-1308.0
-1409.0,2009.0
-2048.0,1873.0
-2048.0,2047.0
-2048.0,1861.0
-2048.0,2047.0
-2048.0,1783.0
-1667.0,2047.0
581.0,147.0
1903.0,-2048.0
1896.0,-1932.0
2012.0,-2048.0
1329.0,-1901.0
-1187.0,1389.0
-2048.0,2047.0
-2048.0,1899.0
-2048.0,2008.0
-2048.0,1958.0
-2048.0,1956.0
-1997.0,2006.0
-2048.0,1903.0
-2048.0,2047.0
-2048.0,1795.0
-1704.0,2047.0
438.0,247.0
1856.0,-2048.0
1894.0,-1970.0
2030.0,-2048.0
1125.0,-2048.0
-657.0,1160.0
-1894.0,2047.0
-2048.0,1905.0
-2048.0,1968.0
-2048.0,2030.0
-2048.0,1830.0
-980.0,2047.0
570.0,-163.0
1663.0,-2048.0
1957.0,-1954.0
1935.0,-2048.0
903.0,-2048.0
-481.0,1137.0
-1588.0,2047.0
-2048.0,1887.0
-2048.0,1998.0
-2048.0,1993.0
-1882.0,1871.0
-683.0,2047.0
511.0,-177.0
1599.0,-2048.0
2005.0,-1784.0
1690.0,-2048.0
324.0,-974.0
-900.0,2047.0
-1541.0,1807.0
-1211.0,2047.0
-164.0,1396.0
945.0,-1945.0
1562.0,-2048.0
1451.0,-1980.0
707.0,-2048.0
-242.0,1014.0
-1047.0,2047.0
-1474.0,1899.0
-1498.0,1981.0
-1269.0,2007.0
-874.0,1867.0
-332.0,2047.0
247.0,560.0
810.0,-2048.0
1179.0,-1872.0
1114.0,-2048.0
799.0,-1892.0
398.0,-2048.0
119.0,-64.0
2.0,2033.0
31.0,1919.0
133.0,713.0
204.0,-641.0
214.0,-783.0
180.0,-439.0
156.0,154.0
152.0,312.0
154.0,200.0
162.0,-63.0
171.0,-109.0
172.0,-2.0
174.0,152.0
171.0,157.0
159.0,76.0
162.0,-22.0
177.0,-45.0
173.0,8.0
164.0,63.0
170.0,77.0
169.0,38.0
164.0,-25.0
167.0,-9.0
180.0,69.0
178.0,98.0
175.0,34.0
179.0,-51.0
164.0,-97.0
145.0,-12.0
139.0,194.0
157.0,402.0
165.0,324.0
148.0,-101.0
115.0,-736.0
108.0,-963.0
148.0,-402.0
252.0,1297.0
401.0,2044.0
565.0,1929.0
713.0,1991.0
818.0,1950.0
835.0,1979.0
809.0,1960.0
837.0,1974.0
862.0,1965.0
898.0,1969.0
975.0,1968.0
1052.0,1964.0
1056.0,1972.0
1024.0,1960.0
1017.0,1973.0
1098.0,1954.0
1292.0,1977.0
1485.0,1944.0
1525.0,1988.0
1347.0,1921.0
963.0,2047.0
375.0,1527.0
-369.0,-1902.0
-1024.0,-2048.0
-1512.0,-2048.0
-1772.0,-2038.0
-1704.0,-2048.0
-1271.0,-1978.0
-645.0,-2048.0
109.0,-1047.0
845.0,2047.0
1535.0,1836.0
1951.0,2047.0
2011.0,1854.0
1953.0,2047.0
2047.0,1789.0
1369.0,2047.0
-197.0,-195.0
-1409.0,-2048.0
-2048.0,-1811.0
-1496.0,-2048.0
-68.0,-1028.0
1659.0,2047.0
1984.0,1821.0
2047.0,2047.0
832.0,1391.0
-1389.0,-2002.0
-2048.0,-2048.0
-2048.0,-2048.0
-922.0,-2048.0
1234.0,1268.0
2024.0,2047.0
1971.0,1875.0
1996.0,2020.0
1983.0,1924.0
1991.0,1994.0
1985.0,1941.0
1988.0,1980.0
1984.0,1948.0
1986.0,1971.0
1984.0,1953.0
1985.0,1966.0
1986.0,1958.0
1986.0,1965.0
1985.0,1960.0
1985.0,1963.0
1983.0,1959.0
1983.0,1959.0
1982.0,1959.0
1982.0,1959.0
1982.0,1958.0
1982.0,1958.0
1981.0,1958.0
1981.0,1958.0
1983.0,1960.0
1982.0,1958.0
1984.0,1961.0
1981.0,1955.0
1985.0,1963.0
1979.0,1952.0
1986.0,1967.0
1974.0,1946.0
1987.0,1969.0
1968.0,1938.0
1992.0,1977.0
1959.0,1926.0
2006.0,1994.0
1931.0,1891.0
2047.0,2047.0
842.0,1354.0
-1549.0,-2024.0
-2048.0,-2048.0
-2048.0,-2048.0
-2048.0,-2020.0
-2048.0,-2048.0
-2048.0,-1949.0
-2048.0,-2048.0
145.0,-809.0
1900.0,2047.0
1854.0,1837.0
1869.0,2039.0
1846.0,1895.0
1868.0,2005.0
1846.0,1916.0
1868.0,1992.0
1844.0,1922.0
1874.0,1992.0
1839.0,1920.0
1883.0,2001.0
1824.0,1902.0
1904.0,2031.0
1783.0,1845.0
2004.0,2047.0
586.0,1052.0
-1861.0,-2048.0
-2036.0,-2029.0
-2048.0,-2048.0
-2031.0,-2048.0
-2048.0,-2048.0
-2034.0,-2048.0
-2048.0,-2048.0
-2031.0,-2048.0
-2048.0,-2048.0
-2023.0,-2048.0
-2048.0,-2048.0
-2005.0,-2045.0
-2048.0,-2048.0
-1954.0,-1985.0
-2048.0,-2048.0
-278.0,-1153.0
1921.0,2030.0
1787.0,1882.0
1912.0,2016.0
1818.0,1916.0
1892.0,1994.0
1830.0,1928.0
1884.0,1987.0
1832.0,1929.0
1885.0,1989.0
1826.0,1921.0
1895.0,2002.0
1808.0,1900.0
1923.0,2035.0
1754.0,1838.0
2047.0,2047.0
595.0,931.0
-2036.0,-2048.0
-1992.0,-2019.0
-2048.0,-2048.0
-2013.0,-2048.0
-2048.0,-2048.0
-2022.0,-2048.0
-2048.0,-2048.0
-2021.0,-2048.0
-2048.0,-2048.0
-2012.0,-2048.0
-2048.0,-2048.0
-1989.0,-2039.0
-2048.0,-2048.0
-1925.0,-1973.0
-2048.0,-2048.0
-350.0,-941.0
2012.0,2047.0
1754.0,1867.0
1931.0,2026.0
1803.0,1909.0
1901.0,2000.0
1821.0,1924.0
1890.0,1991.0
1826.0,1926.0
1890.0,1993.0
1820.0,1918.0
1899.0,2007.0
1802.0,1894.0
1929.0,2044.0
1745.0,1825.0
2047.0,2047.0
829.0,543.0
-2048.0,-2048.0
-1978.0,-1998.0
-2048.0,-2048.0
-2007.0,-2046.0
-2048.0,-2048.0
-2017.0,-2048.0
-2048.0,-2048.0
-2016.0,-2048.0
-2048.0,-2048.0
-2006.0,-2048.0
-2048.0,-2048.0
-1980.0,-2041.0
-2048.0,-2048.0
-1906.0,-1978.0
-2048.0,-2048.0
-655.0,-615.0
2046.0,2047.0
1738.0,1872.0
1940.0,2023.0
1797.0,1911.0
1905.0,1998.0
1818.0,1926.0
1891.0,1989.0
1825.0,1929.0
1888.0,1989.0
1822.0,1923.0
1895.0,2000.0
1807.0,1904.0
1920.0,2030.0
1758.0,1846.0
2039.0,2047.0
1096.0,322.0
-2048.0,-2048.0
-1993.0,-2019.0
-2048.0,-2048.0
-2012.0,-2048.0
-2048.0,-2048.0
-2016.0,-2048.0
-2048.0,-2048.0
-2010.0,-2048.0
-2048.0,-2048.0
-1993.0,-2048.0
-2048.0,-2048.0
-1955.0,-2048.0
-2048.0,-2048.0
-1857.0,-2007.0
-2048.0,-2048.0
-212.0,192.0
2047.0,2047.0
1770.0,1830.0
1849.0,2047.0
1954.0,1504.0
-989.0,-1473.0
-2048.0,-2048.0
-1934.0,-2048.0
-2048.0,-2048.0
-2048.0,-2048.0
-1965.0,-2048.0
-2048.0,-2048.0
-740.0,-286.0
2047.0,1711.0
1691.0,1966.0
1993.0,1969.0
1730.0,1949.0
1988.0,1965.0
1677.0,1953.0
2047.0,1851.0
-33.0,-883.0
-2048.0,-2048.0
-1769.0,-1930.0
-2048.0,-2048.0
-1012.0,-646.0
1992.0,2047.0
1737.0,1797.0
2010.0,2047.0
1325.0,671.0
-2048.0,-2048.0
-1929.0,-1940.0
-2048.0,-2048.0
-1292.0,-863.0
2003.0,2041.0
1717.0,1805.0
2038.0,2047.0
1244.0,543.0
-2048.0,-2048.0
-1902.0,-1949.0
-2048.0,-2048.0
-1353.0,-940.0
1877.0,1874.0
1840.0,1878.0
1835.0,2047.0
1877.0,1195.0
-1350.0,-1637.0
-2048.0,-2048.0
-1957.0,-2048.0
-2048.0,-2048.0
-2013.0,-2048.0
-2048.0,-2048.0
-2045.0,-2048.0
-2017.0,-2048.0
-2048.0,-2048.0
-1960.0,-2048.0
-2048.0,-2048.0
-1316.0,-548.0
1955.0,1154.0
1748.0,1977.0
1959.0,1933.0
1739.0,1990.0
1994.0,1913.0
1659.0,2047.0
2047.0,1453.0
197.0,-507.0
-2048.0,-1925.0
-1888.0,-2048.0
-2048.0,-2048.0
-1904.0,-1146.0
1316.0,1018.0
2003.0,1936.0
1781.0,1978.0
1892.0,1934.0
1839.0,2000.0
1852.0,1709.0
1901.0,1713.0
1782.0,2025.0
1965.0,1890.0
1673.0,2047.0
2047.0,1391.0
292.0,-410.0
-2048.0,-1709.0
-1924.0,-2048.0
-2048.0,-2015.0
-2048.0,-866.0
1127.0,447.0
2044.0,1547.0
1787.0,1998.0
1851.0,1926.0
1912.0,1993.0
1717.0,1837.0
2047.0,713.0
-103.0,-464.0
-2048.0,-1460.0
-1916.0,-1901.0
-2048.0,-1632.0
-2048.0,-755.0
1120.0,367.0
2047.0,1330.0
1778.0,1874.0
1876.0,1979.0
1884.0,1892.0
1781.0,1320.0
2047.0,562.0
-150.0,-449.0
-2048.0,-1326.0
-1755.0,-1633.0
-2048.0,-1187.0
-1005.0,-271.0
2047.0,659.0
1737.0,1164.0
2047.0,921.0
1414.0,105.0
-1935.0,-728.0
-2048.0,-1199.0
-1975.0,-1154.0
-2048.0,-609.0
1032.0,85.0
2047.0,581.0
1838.0,823.0
1919.0,880.0
1947.0,778.0
1826.0,529.0
2047.0,184.0
607.0,-184.0
-2048.0,-480.0
-1905.0,-647.0
-2048.0,-644.0
-1927.0,-499.0
-2048.0,-305.0
-30.0,-148.0
2029.0,-60.0
1923.0,-71.0
775.0,-140.0
-614.0,-180.0
-749.0,-194.0
-421.0,-189.0
182.0,-178.0
343.0,-170.0
234.0,-171.0
-48.0,-177.0
-97.0,-173.0
15.0,-172.0
180.0,-181.0
197.0,-177.0
116.0,-170.0
15.0,-171.0
-16.0,-173.0
46.0,-176.0
129.0,-177.0
122.0,-193.0
49.0,-200.0
3.0,-185.0
34.0,-174.0
100.0,-173.0
126.0,-175.0
72.0,-168.0
-13.0,-174.0
-63.0,-183.0
13.0,-174.0
212.0,-179.0
426.0,-200.0
359.0,-200.0
-78.0,-152.0
-725.0,-90.0
-951.0,-71.0
-389.0,-138.0
1324.0,-305.0
2047.0,-567.0
1957.0,-906.0
2035.0,-1208.0
2001.0,-1349.0
2032.0,-1381.0
2012.0,-1379.0
2023.0,-1313.0
2010.0,-1243.0
2016.0,-1277.0
2021.0,-1399.0
2025.0,-1534.0
2035.0,-1591.0
2020.0,-1526.0
2028.0,-1449.0
2013.0,-1504.0
2043.0,-1678.0
2025.0,-1881.0
2047.0,-1955.0
1998.0,-1772.0
2047.0,-1236.0
1557.0,-405.0
-1961.0,532.0
-2048.0,1385.0
-2048.0,1952.0
-2048.0,1934.0
-2048.0,2015.0
-2048.0,1723.0
-2048.0,814.0
-1061.0,-83.0
2047.0,-1020.0
1908.0,-1861.0
2047.0,-2048.0
1941.0,-2048.0
2047.0,-2048.0
1880.0,-2048.0
2047.0,-1548.0
-173.0,339.0
-2048.0,1705.0
-1965.0,2018.0
-2048.0,1853.0
-1051.0,102.0
2047.0,-1875.0
1903.0,-2048.0
2047.0,-2048.0
1449.0,-884.0
-2048.0,1534.0
-2048.0,1938.0
-2048.0,2047.0
-2048.0,1040.0
1343.0,-1405.0
2047.0,-2048.0
1966.0,-2048.0
2047.0,-2048.0
2014.0,-2048.0
2047.0,-2048.0
2030.0,-2048.0
2047.0,-2048.0
2036.0,-2048.0
2047.0,-2048.0
2041.0,-2048.0
2047.0,-2048.0
2046.0,-2048.0
2047.0,-2048.0
2047.0,-2048.0
2047.0,-2048.0
2047.0,-2048.0
2046.0,-2048.0
2046.0,-2048.0
2046.0,-2048.0
2045.0,-2048.0
2045.0,-2048.0
2045.0,-2048.0
2044.0,-2048.0
2047.0,-2048.0
2044.0,-2048.0
2047.0,-2048.0
2042.0,-2048.0
2047.0,-2048.0
2038.0,-2048.0
2047.0,-2048.0
2033.0,-2048.0
2047.0,-2048.0
2025.0,-2048.0
2047.0,-2048.0
2014.0,-2048.0
2047.0,-2048.0
1981.0,-2034.0
2047.0,-2048.0
1412.0,-790.0
-2048.0,1578.0
-2048.0,1979.0
-2048.0,1989.0
-2048.0,1949.0
-2048.0,2003.0
-2048.0,1932.0
-2048.0,1995.0
-792.0,-108.0
2047.0,-2048.0
1914.0,-2048.0
2047.0,-2048.0
1977.0,-2048.0
2047.0,-2048.0
2000.0,-2048.0
2047.0,-2048.0
2007.0,-2048.0
2047.0,-2048.0
2004.0,-2048.0
2047.0,-2048.0
1987.0,-2041.0
2047.0,-2048.0
1929.0,-1990.0
2047.0,-2048.0
1093.0,-642.0
-2048.0,1920.0
-2048.0,1928.0
-2048.0,2015.0
-2048.0,1943.0
-2048.0,2002.0
-2048.0,1950.0
-2048.0,1998.0
-2048.0,1950.0
-2048.0,2001.0
-2048.0,1942.0
-2048.0,2012.0
-2048.0,1922.0
-2048.0,2043.0
-2048.0,1864.0
-2048.0,2047.0
-1156.0,361.0
2047.0,-2048.0
1953.0,-2008.0
2047.0,-2048.0
1995.0,-2041.0
2047.0,-2048.0
2009.0,-2048.0
2047.0,-2048.0
2012.0,-2048.0
2047.0,-2048.0
2004.0,-2048.0
2047.0,-2048.0
1982.0,-2027.0
2047.0,-2048.0
1917.0,-1966.0
2047.0,-2048.0
951.0,-648.0
-2048.0,2042.0
-2048.0,1893.0
-2048.0,2036.0
-2048.0,1928.0
-2048.0,2013.0
-2048.0,1941.0
-2048.0,2006.0
-2048.0,1943.0
-2048.0,2009.0
-2048.0,1934.0
-2048.0,2023.0
-2048.0,1910.0
-2048.0,2047.0
-2048.0,1840.0
-2048.0,2047.0
-891.0,459.0
2047.0,-2048.0
1937.0,-1977.0
2047.0,-2048.0
1987.0,-2028.0
2047.0,-2048.0
2005.0,-2046.0
2047.0,-2048.0
2008.0,-2048.0
2047.0,-2048.0
2000.0,-2043.0
2047.0,-2048.0
1977.0,-2021.0
2047.0,-2048.0
1904.0,-1955.0
2047.0,-2048.0
592.0,-877.0
-2048.0,2047.0
-2048.0,1881.0
-2048.0,2043.0
-2048.0,1924.0
-2048.0,2016.0
-2048.0,1939.0
-2048.0,2008.0
-2048.0,1942.0
-2048.0,2009.0
-2048.0,1934.0
-2048.0,2022.0
-2048.0,1911.0
-2048.0,2047.0
-2048.0,1844.0
-2048.0,2047.0
-666.0,822.0
2047.0,-2048.0
1953.0,-1988.0
2047.0,-2048.0
1994.0,-2033.0
2047.0,-2048.0
2009.0,-2048.0
2047.0,-2048.0
2013.0,-2048.0
2047.0,-2048.0
2007.0,-2047.0
2047.0,-2048.0
1987.0,-2027.0
2047.0,-2048.0
1926.0,-1968.0
2047.0,-2048.0
419.0,-1141.0
-2048.0,2047.0
-2048.0,1897.0
-2048.0,2034.0
-2048.0,1931.0
-2048.0,2012.0
-2048.0,1938.0
-2048.0,2008.0
-2048.0,1936.0
-2048.0,2016.0
-2048.0,1920.0
-2048.0,2039.0
-2048.0,1883.0
-2048.0,2047.0
-2048.0,1785.0
-2048.0,2047.0
162.0,192.0
2047.0,-2048.0
1918.0,-1985.0
2047.0,-2048.0
1623.0,-2048.0
-1504.0,1009.0
-2048.0,2047.0
-2048.0,1869.0
-2048.0,2010.0
-2048.0,1980.0
-2048.0,1901.0
-2048.0,2047.0
-345.0,773.0
1774.0,-2048.0
2047.0,-1938.0
2047.0,-2048.0
2029.0,-1966.0
2047.0,-2048.0
2025.0,-1910.0
1972.0,-2048.0
-832.0,65.0
-2048.0,2047.0
-2048.0,1703.0
-2048.0,2047.0
-676.0,962.0
2047.0,-2048.0
1877.0,-1952.0
2047.0,-2048.0
782.0,-1409.0
-2048.0,2047.0
-2048.0,1839.0
-2048.0,2047.0
-965.0,1194.0
2047.0,-2048.0
1884.0,-1933.0
2047.0,-2048.0
603.0,-1327.0
-2048.0,2047.0
-2048.0,1825.0
-2048.0,2047.0
-1034.0,1302.0
1929.0,-2017.0
1967.0,-2048.0
2047.0,-2048.0
1311.0,-2022.0
-1710.0,1355.0
-2048.0,2047.0
-2048.0,1904.0
-2048.0,2010.0
-2048.0,1950.0
-2048.0,1978.0
-2048.0,1976.0
-2048.0,1952.0
-2048.0,2004.0
-2048.0,1907.0
-2048.0,2047.0
-537.0,1298.0
1239.0,-2048.0
2047.0,-2002.0
2019.0,-2048.0
2047.0,-1978.0
2005.0,-2048.0
2047.0,-1896.0
1618.0,-2048.0
-483.0,-197.0
-2048.0,2047.0
-2048.0,1825.0
-2048.0,2047.0
-1192.0,1833.0
1097.0,-1447.0
2035.0,-2048.0
2047.0,-2002.0
2020.0,-2048.0
2047.0,-2048.0
1746.0,-2048.0
1718.0,-2048.0
2047.0,-2014.0
1984.0,-2048.0
2047.0,-1904.0
1492.0,-2048.0
-383.0,-292.0
-1734.0,2047.0
-2048.0,1866.0
-1927.0,1996.0
-874.0,1992.0
486.0,-1198.0
1570.0,-2048.0
2047.0,-2007.0
2018.0,-2048.0
2047.0,-2048.0
1883.0,-1944.0
752.0,-2048.0
-425.0,115.0
-1399.0,2047.0
-1769.0,1852.0
-1537.0,2012.0
-741.0,1986.0
384.0,-1175.0
1246.0,-2048.0
1724.0,-1988.0
1827.0,-2048.0
1636.0,-2048.0
1228.0,-1986.0
575.0,-2048.0
-362.0,130.0
-1167.0,2047.0
-1423.0,1682.0
-1152.0,2047.0
-287.0,930.0
748.0,-2048.0
1145.0,-1924.0
884.0,-2048.0
117.0,-1478.0
-816.0,1824.0
-1281.0,2047.0
-1153.0,1863.0
-602.0,2047.0
207.0,-1086.0
715.0,-2048.0
906.0,-2002.0
949.0,-2048.0
814.0,-2048.0
570.0,-1979.0
292.0,-2048.0
-142.0,-607.0
-593.0,2047.0
-679.0,1760.0
-629.0,2047.0
-487.0,1782.0
-358.0,2047.0
-107.0,92.0
61.0,-2048.0
28.0,-1999.0
-94.0,-715.0
-195.0,610.0
-205.0,783.0
-177.0,418.0
-146.0,-172.0
-150.0,-314.0
-158.0,-184.0
-162.0,67.0
-155.0,90.0
-143.0,-22.0
-139.0,-157.0
-149.0,-162.0
-154.0,-91.0
-150.0,9.0
-152.0,39.0
-157.0,-30.0
-160.0,-105.0
-160.0,-102.0
-162.0,-35.0
-158.0,7.0
-152.0,-15.0
-140.0,-61.0
-146.0,-80.0
-161.0,-35.0
-167.0,49.0
-161.0,104.0
-149.0,20.0
-147.0,-179.0
-156.0,-396.0
-160.0,-327.0
-136.0,101.0
-101.0,736.0
-82.0,961.0
-130.0,423.0
-251.0,-1333.0
-509.0,-2048.0
-857.0,-2036.0
-1187.0,-2048.0
-1386.0,-2048.0
-1395.0,-2048.0
-1325.0,-2048.0
-1260.0,-2048.0
-1277.0,-2048.0
-1375.0,-2048.0
-1500.0,-2048.0
-1566.0,-2048.0
-1548.0,-2048.0
-1453.0,-2048.0
-1409.0,-2048.0
-1485.0,-2048.0
-1725.0,-2048.0
-1966.0,-2048.0
-2048.0,-2048.0
-1854.0,-2019.0
-1206.0,-2048.0
-333.0,-1557.0
507.0,1848.0
1434.0,1954.0
1864.0,2022.0
1832.0,1925.0
1864.0,2047.0
1792.0,1872.0
818.0,2047.0
-143.0,1019.0
-930.0,-2048.0
-1866.0,-1964.0
-2048.0,-2048.0
-2048.0,-1972.0
-2007.0,-2048.0
-2048.0,-1905.0
-1499.0,-2048.0
400.0,147.0
1673.0,2047.0
1890.0,1713.0
1780.0,2047.0
89.0,987.0
-1821.0,-2048.0
-2013.0,-1935.0
-2048.0,-2048.0
-844.0,-1460.0
1503.0,1889.0
1815.0,2006.0
1957.0,1941.0
1100.0,2013.0
-1378.0,-1325.0
-2048.0,-2048.0
-2035.0,-1976.0
-2048.0,-2048.0
-2045.0,-2029.0
-2048.0,-2048.0
-2047.0,-2048.0
-2048.0,-2048.0
-2045.0,-2048.0
-2046.0,-2048.0
-2045.0,-2048.0
-2046.0,-2048.0
-2046.0,-2048.0
-2047.0,-2048.0
-2046.0,-2048.0
-2046.0,-2048.0
-2044.0,-2048.0
-2043.0,-2048.0
-2043.0,-2048.0
-2043.0,-2048.0
-2042.0,-2048.0
-2042.0,-2048.0
-2041.0,-2048.0
-2042.0,-2048.0
-2043.0,-2048.0
-2042.0,-2048.0
-2044.0,-2048.0
-2040.0,-2048.0
-2044.0,-2048.0
-2038.0,-2048.0
-2046.0,-2048.0
-2033.0,-2048.0
-2047.0,-2048.0
-2027.0,-2045.0
-2048.0,-2048.0
-2018.0,-2030.0
-2048.0,-2048.0
-1990.0,-1988.0
-2048.0,-2048.0
-755.0,-1360.0
1500.0,1964.0
1862.0,1921.0
1872.0,2047.0
1832.0,1905.0
1886.0,2047.0
1814.0,1841.0
1891.0,2047.0
-121.0,767.0
-1985.0,-2048.0
-2013.0,-1956.0
-2048.0,-2048.0
-2019.0,-2009.0
-2048.0,-2048.0
-2021.0,-2027.0
-2048.0,-2048.0
-2020.0,-2032.0
-2048.0,-2048.0
-2014.0,-2027.0
-2048.0,-2048.0
-1996.0,-2006.0
-2048.0,-2048.0
-1947.0,-1943.0
-2048.0,-2048.0
-605.0,-1041.0
1823.0,2047.0
1808.0,1903.0
1899.0,2047.0
1825.0,1944.0
1885.0,2030.0
1832.0,1959.0
1880.0,2021.0
1832.0,1963.0
1883.0,2021.0
1824.0,1957.0
1895.0,2031.0
1804.0,1939.0
1926.0,2047.0
1746.0,1884.0
2047.0,2047.0
295.0,1098.0
-2048.0,-2048.0
-1959.0,-2004.0
-2048.0,-2048.0
-1994.0,-2030.0
-2048.0,-2048.0
-2007.0,-2039.0
-2048.0,-2048.0
-2009.0,-2038.0
-2048.0,-2048.0
-2002.0,-2027.0
-2048.0,-2048.0
-1981.0,-2002.0
-2048.0,-2048.0
-1920.0,-1930.0
-2048.0,-2048.0
-650.0,-743.0
1939.0,2047.0
1772.0,1883.0
1919.0,2047.0
1809.0,1935.0
1895.0,2038.0
1823.0,1953.0
1887.0,2026.0
1825.0,1958.0
1889.0,2026.0
1817.0,1952.0
1902.0,2037.0
1794.0,1931.0
1938.0,2047.0
1727.0,1868.0
2047.0,2047.0
451.0,829.0
-2048.0,-2048.0
-1938.0,-1984.0
-2048.0,-2048.0
-1985.0,-2021.0
-2048.0,-2048.0
-2001.0,-2035.0
-2048.0,-2048.0
-2004.0,-2036.0
-2048.0,-2048.0
-1997.0,-2028.0
-2048.0,-2048.0
-1976.0,-2005.0
-2048.0,-2048.0
-1911.0,-1938.0
-2048.0,-2048.0
-872.0,-442.0
1969.0,2047.0
1763.0,1889.0
1924.0,2047.0
1806.0,1938.0
1897.0,2035.0
1821.0,1956.0
1888.0,2024.0
1824.0,1961.0
1889.0,2023.0
1817.0,1956.0
1901.0,2032.0
1797.0,1938.0
1934.0,2047.0
1734.0,1881.0
2047.0,2047.0
837.0,605.0
-2048.0,-2048.0
-1949.0,-2002.0
-2048.0,-2048.0
-1990.0,-2028.0
-2048.0,-2048.0
-2004.0,-2040.0
-2048.0,-2048.0
-2007.0,-2042.0
-2048.0,-2048.0
-1999.0,-2037.0
-2048.0,-2048.0
-1979.0,-2020.0
-2048.0,-2048.0
-1919.0,-1970.0
-2048.0,-2048.0
-1132.0,-318.0
1949.0,2035.0
1774.0,1925.0
1916.0,2044.0
1810.0,1954.0
1893.0,2021.0
1819.0,1964.0
1888.0,2013.0
1817.0,1967.0
1895.0,2013.0
1802.0,1963.0
1917.0,2020.0
1767.0,1950.0
1974.0,2045.0
1673.0,1908.0
2047.0,2047.0
235.0,-91.0
-2048.0,-2048.0
-1943.0,-1949.0
-2045.0,-2048.0
-2048.0,-1526.0
937.0,1371.0
2047.0,2047.0
1754.0,1945.0
1889.0,2010.0
1860.0,1974.0
1785.0,1995.0
2041.0,1953.0
821.0,317.0
-2048.0,-1596.0
-1896.0,-2048.0
-2048.0,-2048.0
-1918.0,-2048.0
-2048.0,-2048.0
-1857.0,-2048.0
-2048.0,-1839.0
17.0,831.0
2047.0,2047.0
1588.0,1855.0
2047.0,2047.0
944.0,641.0
-2048.0,-2048.0
-1912.0,-1934.0
-2048.0,-2048.0
-1423.0,-651.0
1935.0,2043.0
1734.0,1858.0
2032.0,2047.0
1204.0,859.0
-2048.0,-2017.0
-1902.0,-1952.0
-2048.0,-2048.0
-1341.0,-526.0
1984.0,2047.0
1707.0,1862.0
2043.0,2047.0
1270.0,914.0
-1999.0,-1818.0
-2035.0,-2013.0
-2018.0,-2048.0
-2018.0,-1082.0
1266.0,1549.0
1989.0,2016.0
1784.0,1982.0
1890.0,1988.0
1829.0,1987.0
1860.0,1988.0
1853.0,1986.0
1835.0,1990.0
1880.0,1979.0
1793.0,2005.0
1982.0,1864.0
1313.0,408.0
-2042.0,-899.0
-1971.0,-1922.0
-2048.0,-2048.0
-1930.0,-2048.0
-2048.0,-2025.0
-1839.0,-2048.0
-2048.0,-1180.0
-225.0,440.0
2047.0,1717.0
1708.0,1996.0
1924.0,2028.0
1793.0,981.0
-1394.0,-738.0
-2048.0,-1873.0
-1943.0,-2048.0
-2048.0,-2048.0
-2026.0,-1815.0
-2048.0,-1197.0
-2048.0,-1377.0
-1976.0,-1794.0
-2048.0,-2048.0
-1855.0,-1910.0
-2048.0,-909.0
-317.0,339.0
2047.0,1353.0
1754.0,1777.0
1897.0,1483.0
1956.0,676.0
-1176.0,-284.0
-2048.0,-1073.0
-1976.0,-1550.0
-2048.0,-1749.0
-2048.0,-1657.0
-1938.0,-1212.0
-2048.0,-454.0
80.0,380.0
2047.0,1021.0
1772.0,1273.0
1928.0,1094.0
1962.0,545.0
-1163.0,-146.0
-2048.0,-686.0
-1988.0,-975.0
-2048.0,-1047.0
-2048.0,-947.0
-2002.0,-715.0
-2048.0,-277.0
113.0,289.0
2047.0,761.0
1615.0,950.0
2047.0,737.0
939.0,243.0
-2048.0,-197.0
-1958.0,-376.0
-2048.0,-253.0
-1515.0,86.0
1822.0,419.0
1999.0,604.0
1808.0,582.0
2047.0,362.0
-1047.0,93.0
-2048.0,-76.0
-2041.0,-131.0
-2048.0,-98.0
-2048.0,-18.0
-2033.0,48.0
-2048.0,118.0
-614.0,157.0
2047.0,138.0
1731.0,112.0
2047.0,76.0
1761.0,47.0
2047.0,94.0
171.0,177.0
-2048.0,231.0
-2018.0,236.0
-656.0,203.0
616.0,158.0
810.0,144.0
455.0,170.0
-122.0,192.0
-303.0,183.0
-183.0,153.0
83.0,151.0
135.0,165.0
9.0,171.0
-137.0,178.0
-148.0,178.0
-76.0,180.0
30.0,165.0
67.0,149.0
8.0,148.0
-59.0,159.0
-63.0,166.0
2.0,161.0
48.0,163.0
20.0,167.0
-31.0,161.0
-56.0,172.0
-7.0,171.0
79.0,146.0
123.0,144.0
34.0,160.0
-168.0,186.0
-380.0,212.0
-305.0,206.0
124.0,143.0
756.0,52.0
981.0,6.0
455.0,99.0
-1289.0,382.0
-2048.0,817.0
-2048.0,1312.0
-2048.0,1717.0
-2048.0,1915.0
-2048.0,1996.0
-2048.0,1909.0
-2048.0,1780.0
-2048.0,1751.0
-2048.0,1806.0
-2048.0,1923.0
-2048.0,1988.0
-2048.0,1983.0
-2048.0,1989.0
-2048.0,1979.0
-2048.0,1990.0
-2048.0,1974.0
-2048.0,1995.0
-2048.0,1962.0
-2048.0,2024.0
-2048.0,1753.0
-1584.0,431.0
1901.0,-789.0
2023.0,-1934.0
2047.0,-2048.0
2009.0,-2048.0
2047.0,-2028.0
1964.0,-2048.0
2047.0,-1382.0
1031.0,73.0
-2048.0,1306.0
-2048.0,2034.0
-2048.0,1946.0
-2048.0,2015.0
-2048.0,1949.0
-2048.0,2031.0
-2048.0,1748.0
153.0,-433.0
2047.0,-2042.0
1796.0,-2017.0
2047.0,-2048.0
1006.0,-181.0
-2048.0,1981.0
-2048.0,1891.0
-2048.0,2047.0
-1540.0,1004.0
1998.0,-1794.0
2047.0,-2027.0
2025.0,-2048.0
2047.0,-1257.0
-1366.0,1549.0
-2048.0,2011.0
-2048.0,1976.0
-2048.0,1983.0
-2048.0,1983.0
-2048.0,1982.0
-2048.0,1983.0
-2048.0,1981.0
-2048.0,1980.0
-2048.0,1980.0
-2048.0,1979.0
-2048.0,1980.0
-2048.0,1981.0
-2048.0,1981.0
-2048.0,1981.0
-2048.0,1980.0
-2048.0,1978.0
-2048.0,1978.0
-2048.0,1978.0
-2048.0,1977.0
-2048.0,1977.0
-2048.0,1977.0
-2048.0,1977.0
-2048.0,1977.0
-2048.0,1979.0
-2048.0,1977.0
-2048.0,1980.0
-2048.0,1975.0
-2048.0,1981.0
-2048.0,1972.0
-2048.0,1984.0
-2048.0,1966.0
-2048.0,1986.0
-2048.0,1959.0
-2048.0,1994.0
-2048.0,1946.0
-2048.0,2012.0
-2048.0,1910.0
-2048.0,2047.0
-1368.0,878.0
2047.0,-1773.0
1992.0,-2048.0
2047.0,-2048.0
1985.0,-2044.0
2047.0,-2048.0
1925.0,-2020.0
2047.0,-2048.0
780.0,134.0
-2048.0,2042.0
-2048.0,1916.0
-2048.0,2019.0
-2048.0,1942.0
-2048.0,2003.0
-2048.0,1950.0
-2048.0,1999.0
-2048.0,1950.0
-2048.0,2004.0
-2048.0,1944.0
-2048.0,2015.0
-2048.0,1925.0
-2048.0,2045.0
-2048.0,1868.0
-2048.0,2047.0
-1006.0,616.0
2047.0,-2048.0
1973.0,-2019.0
2047.0,-2048.0
2023.0,-2043.0
2047.0,-2048.0
2041.0,-2048.0
2047.0,-2048.0
2046.0,-2048.0
2047.0,-2048.0
2041.0,-2045.0
2047.0,-2048.0
2022.0,-2023.0
2047.0,-2048.0
1963.0,-1958.0
2047.0,-2048.0
1083.0,-403.0
-2048.0,2047.0
-2048.0,1880.0
-2048.0,2047.0
-2048.0,1925.0
-2048.0,2020.0
-2048.0,1941.0
-2048.0,2010.0
-2048.0,1944.0
-2048.0,2011.0
-2048.0,1938.0
-2048.0,2022.0
-2048.0,1917.0
-2048.0,2047.0
-2048.0,1854.0
-2048.0,2047.0
-645.0,799.0
2047.0,-2048.0
1957.0,-1998.0
2047.0,-2048.0
2016.0,-2035.0
2047.0,-2048.0
2036.0,-2048.0
2047.0,-2048.0
2042.0,-2048.0
2047.0,-2048.0
2036.0,-2039.0
2047.0,-2048.0
2016.0,-2014.0
2047.0,-2048.0
1950.0,-1940.0
2047.0,-2048.0
781.0,-655.0
-2048.0,2047.0
-2048.0,1861.0
-2048.0,2047.0
-2048.0,1918.0
-2048.0,2025.0
-2048.0,1938.0
-2048.0,2012.0
-2048.0,1944.0
-2048.0,2010.0
-2048.0,1940.0
-2048.0,2018.0
-2048.0,1923.0
-2048.0,2047.0
-2048.0,1868.0
-2048.0,2047.0
-436.0,1087.0
2047.0,-2048.0
1983.0,-2018.0
2047.0,-2048.0
2027.0,-2044.0
2047.0,-2048.0
2043.0,-2048.0
2047.0,-2048.0
2047.0,-2048.0
2047.0,-2048.0
2043.0,-2043.0
2047.0,-2048.0
2025.0,-2019.0
2047.0,-2048.0
1969.0,-1951.0
2047.0,-2048.0
679.0,-974.0
-2048.0,2047.0
-2048.0,1878.0
-2048.0,2047.0
-2048.0,1926.0
-2048.0,2019.0
-2048.0,1943.0
-2048.0,2008.0
-2048.0,1947.0
-2048.0,2007.0
-2048.0,1943.0
-2048.0,2016.0
-2048.0,1926.0
-2048.0,2044.0
-2048.0,1873.0
-2048.0,2047.0
-342.0,1151.0
2047.0,-2048.0
2013.0,-2022.0
2047.0,-2048.0
2040.0,-2045.0
2047.0,-2048.0
2047.0,-2048.0
2047.0,-2048.0
2047.0,-2044.0
2047.0,-2048.0
2047.0,-2027.0
2047.0,-2048.0
2039.0,-1989.0
2047.0,-2048.0
2001.0,-1889.0
2047.0,-2048.0
-44.0,-274.0
-2048.0,2047.0
-2048.0,1891.0
-2048.0,1970.0
-1564.0,2047.0
1414.0,-1014.0
2047.0,-2048.0
2032.0,-1964.0
2047.0,-2048.0
2047.0,-2048.0
2047.0,-2009.0
2017.0,-2048.0
385.0,-881.0
-1515.0,2047.0
-2048.0,1822.0
-2048.0,2047.0
-2048.0,1854.0
-2048.0,2047.0
-2048.0,1797.0
-1865.0,2047.0
849.0,-107.0
2047.0,-2048.0
1963.0,-1798.0
2047.0,-2048.0
789.0,-1023.0
-2048.0,2047.0
-2048.0,1847.0
-2048.0,2047.0
-703.0,1340.0
2047.0,-2048.0
1950.0,-1950.0
2047.0,-2048.0
934.0,-1287.0
-2032.0,2047.0
-2048.0,1831.0
-2048.0,2047.0
-500.0,1263.0
2038.0,-2048.0
1977.0,-1930.0
2047.0,-2048.0
1012.0,-1365.0
-1700.0,1984.0
-2048.0,1958.0
-2048.0,1973.0
-1049.0,1930.0
1435.0,-1453.0
2047.0,-2048.0
2047.0,-2003.0
2047.0,-2048.0
2047.0,-2048.0
2047.0,-2048.0
2047.0,-2048.0
2047.0,-2048.0
2047.0,-2048.0
2047.0,-2007.0
1850.0,-2048.0
447.0,-1364.0
-813.0,2002.0
-1746.0,1885.0
-2048.0,2047.0
-2048.0,1867.0
-2048.0,2047.0
-2048.0,1786.0
-977.0,2047.0
378.0,126.0
1597.0,-2048.0
2047.0,-1924.0
1874.0,-2048.0
841.0,-1916.0
-587.0,1360.0
-1667.0,2047.0
-2048.0,1900.0
-1878.0,2018.0
-1418.0,1962.0
-1087.0,1964.0
-1132.0,2011.0
-1443.0,1909.0
-1684.0,2047.0
-1484.0,1800.0
-792.0,2047.0
297.0,250.0
1240.0,-2048.0
1504.0,-1969.0
1241.0,-2048.0
631.0,-2048.0
-264.0,1118.0
-937.0,2047.0
-1281.0,1907.0
-1348.0,1976.0
-1183.0,2035.0
-845.0,1835.0
-370.0,2047.0
323.0,-172.0
882.0,-2048.0
1047.0,-1949.0
933.0,-2048.0
549.0,-2048.0
-78.0,1121.0
-516.0,2047.0
-735.0,1889.0
-798.0,2006.0
-702.0,1998.0
-480.0,1877.0
-177.0,2047.0
267.0,-174.0
605.0,-2048.0
632.0,-1783.0
552.0,-2048.0
243.0,-999.0
-147.0,2047.0
-192.0,1822.0
-102.0,2047.0
91.0,1416.0
364.0,-1931.0
363.0,-2048.0
276.0,-1969.0
258.0,-2048.0
106.0,991.0
114.0,2047.0
253.0,1900.0
310.0,1990.0
305.0,2010.0
318.0,1875.0
224.0,2047.0
140.0,561.0
92.0,-2048.0
-96.0,-1868.0
-140.0,-2048.0
-72.0,-1887.0
141.0,-2048.0
226.0,-104.0
228.0,2039.0
220.0,1915.0
181.0,681.0
159.0,-650.0
151.0,-782.0
170.0,-427.0
186.0,152.0
201.0,290.0
206.0,166.0
203.0,-89.0
206.0,-120.0
212.0,-13.0
208.0,138.0
203.0,158.0
194.0,80.0
185.0,-26.0
181.0,-62.0
187.0,-17.0
194.0,50.0
190.0,63.0
186.0,14.0
185.0,-35.0
173.0,-15.0
171.0,56.0
180.0,84.0
190.0,23.0
191.0,-65.0
186.0,-115.0
190.0,-36.0
207.0,168.0
221.0,386.0
214.0,310.0
170.0,-113.0
95.0,-747.0
50.0,-969.0
122.0,-438.0
387.0,1266.0
879.0,2047.0
1498.0,1932.0
1862.0,1999.0
1869.0,1954.0
1875.0,1986.0
1871.0,1965.0
1875.0,1981.0
1872.0,1970.0
1874.0,1975.0
1872.0,1974.0
1873.0,1970.0
1871.0,1979.0
1871.0,1965.0
1870.0,1981.0
1869.0,1957.0
1870.0,1986.0
1867.0,1946.0
1870.0,2000.0
1869.0,1919.0
1817.0,2047.0
504.0,1474.0
-760.0,-1936.0
-1892.0,-2048.0
-2022.0,-2048.0
-2048.0,-2028.0
-1980.0,-2048.0
-2048.0,-1970.0
-1306.0,-2048.0
159.0,-1031.0
1292.0,2047.0
1939.0,1847.0
1826.0,2047.0
1901.0,1863.0
1840.0,2047.0
1900.0,1799.0
1728.0,2047.0
-355.0,-189.0
-2024.0,-2048.0
-1945.0,-1811.0
-2048.0,-2048.0
-152.0,-1034.0
1931.0,2047.0
1763.0,1831.0
2032.0,2047.0
952.0,1396.0
-1769.0,-1957.0
-1978.0,-2048.0
-2048.0,-2043.0
-1232.0,-2048.0
1520.0,1229.0
1881.0,2047.0
1870.0,1878.0
1863.0,2028.0
1873.0,1928.0
1864.0,2001.0
1871.0,1946.0
1865.0,1987.0
1867.0,1953.0
1865.0,1977.0
1865.0,1959.0
1865.0,1972.0
1867.0,1964.0
1866.0,1971.0
1866.0,1966.0
1866.0,1969.0
1864.0,1965.0
1863.0,1965.0
1863.0,1965.0
1863.0,1964.0
1863.0,1964.0
1862.0,1964.0
1862.0,1964.0
1862.0,1963.0
1864.0,1966.0
1863.0,1963.0
1865.0,1967.0
1861.0,1961.0
1867.0,1970.0
1857.0,1957.0
1869.0,1974.0
1852.0,1951.0
1871.0,1976.0
1844.0,1941.0
1879.0,1986.0
1832.0,1927.0
1897.0,2007.0
1796.0,1887.0
1990.0,2047.0
846.0,1257.0
-1742.0,-2048.0
-2024.0,-2029.0
-2048.0,-2048.0
-1995.0,-2008.0
-2048.0,-2048.0
-1968.0,-1940.0
-2048.0,-2048.0
156.0,-720.0
1942.0,2047.0
1796.0,1844.0
1907.0,2045.0
1825.0,1901.0
1890.0,2011.0
1834.0,1921.0
1884.0,1998.0
1835.0,1927.0
1888.0,2000.0
1830.0,1923.0
1898.0,2011.0
1812.0,1903.0
1926.0,2043.0
1758.0,1840.0
2047.0,2047.0
623.0,915.0
-2024.0,-2048.0
-1978.0,-2008.0
-2048.0,-2048.0
-1998.0,-2048.0
-2048.0,-2048.0
-2007.0,-2048.0
-2048.0,-2048.0
-2007.0,-2048.0
-2048.0,-2048.0
-1997.0,-2048.0
-2048.0,-2048.0
-1974.0,-2033.0
-2048.0,-2048.0
-1909.0,-1967.0
-2048.0,-2048.0
-338.0,-918.0
2015.0,2047.0
1757.0,1872.0
1935.0,2032.0
1807.0,1914.0
1905.0,2005.0
1824.0,1929.0
1894.0,1997.0
1829.0,1932.0
1893.0,1998.0
1824.0,1924.0
1903.0,2012.0
1806.0,1901.0
1933.0,2047.0
1748.0,1832.0
2047.0,2047.0
819.0,572.0
-2048.0,-2048.0
-1962.0,-1996.0
-2048.0,-2048.0
-1992.0,-2042.0
-2048.0,-2048.0
-2002.0,-2048.0
-2048.0,-2048.0
-2002.0,-2048.0
-2048.0,-2048.0
-1991.0,-2048.0
-2048.0,-2048.0
-1966.0,-2037.0
-2048.0,-2048.0
-1893.0,-1975.0
-2048.0,-2048.0
-653.0,-630.0
2040.0,2038.0
1745.0,1881.0
1941.0,2027.0
1802.0,1918.0
1907.0,2002.0
1823.0,1933.0
1894.0,1993.0
1830.0,1936.0
1891.0,1993.0
1827.0,1931.0
1897.0,2003.0
1813.0,1913.0
1921.0,2032.0
1766.0,1857.0
2035.0,2047.0
1134.0,397.0
-2023.0,-2048.0
-1986.0,-2026.0
-2048.0,-2048.0
-2002.0,-2048.0
-2048.0,-2048.0
-2008.0,-2048.0
-2048.0,-2048.0
-2005.0,-2048.0
-2048.0,-2048.0
-1994.0,-2048.0
-2048.0,-2048.0
-1970.0,-2048.0
-2048.0,-2048.0
-1902.0,-2004.0
-2048.0,-2048.0
-974.0,-603.0
2004.0,1898.0
1760.0,1923.0
1931.0,2002.0
1808.0,1936.0
1901.0,1989.0
1826.0,1944.0
1890.0,1983.0
1831.0,1946.0
1889.0,1983.0
1827.0,1943.0
1896.0,1989.0
1812.0,1930.0
1921.0,2008.0
1764.0,1894.0
2037.0,2047.0
1167.0,273.0
-2039.0,-2008.0
-1980.0,-2048.0
-2048.0,-2048.0
-1998.0,-2048.0
-2048.0,-2048.0
-2000.0,-2048.0
-2048.0,-2048.0
-1994.0,-2048.0
-2048.0,-2048.0
-1975.0,-2048.0
-2048.0,-2048.0
-1936.0,-2048.0
-2048.0,-2048.0
-1834.0,-2048.0
-2048.0,-2048.0
-301.0,96.0
2047.0,2020.0
1780.0,1877.0
1838.0,2047.0
2001.0,1359.0
-937.0,-1302.0
-2048.0,-2048.0
-1910.0,-2044.0
-2048.0,-2048.0
-2033.0,-2048.0
-1950.0,-2048.0
-2048.0,-1872.0
-859.0,-269.0
2047.0,1267.0
1692.0,2014.0
1997.0,1934.0
1731.0,1994.0
1992.0,1928.0
1676.0,2023.0
2047.0,1630.0
-26.0,-764.0
-2048.0,-2048.0
-1742.0,-2011.0
-2048.0,-2048.0
-1014.0,-633.0
2047.0,1805.0
1727.0,1890.0
2019.0,2047.0
1344.0,588.0
-2048.0,-1991.0
-1916.0,-2006.0
-2048.0,-2048.0
-1296.0,-834.0
2015.0,1765.0
1715.0,1912.0
2047.0,2047.0
1255.0,406.0
-2048.0,-1890.0
-1885.0,-2048.0
-2048.0,-2048.0
-1374.0,-785.0
1894.0,1372.0
1844.0,1941.0
1842.0,2015.0
1900.0,767.0
-1408.0,-1174.0
-2048.0,-2048.0
-1942.0,-2048.0
-2048.0,-2048.0
-1997.0,-2048.0
-2048.0,-1667.0
-2044.0,-1760.0
-2006.0,-2048.0
-2048.0,-2048.0
-1951.0,-2048.0
-2048.0,-1366.0
-1389.0,-320.0
1950.0,543.0
1802.0,1259.0
1965.0,1706.0
1750.0,1952.0
1996.0,1864.0
1697.0,1426.0
2047.0,638.0
196.0,-310.0
-2048.0,-1138.0
-1901.0,-1540.0
-2048.0,-1325.0
-1933.0,-568.0
1366.0,361.0
2047.0,1094.0
1814.0,1383.0
1933.0,1231.0
1901.0,871.0
1911.0,637.0
1956.0,724.0
1837.0,1009.0
2006.0,1168.0
1730.0,994.0
2047.0,461.0
289.0,-232.0
-2048.0,-772.0
-1972.0,-967.0
-2048.0,-795.0
-2048.0,-377.0
1116.0,73.0
2047.0,449.0
1854.0,699.0
1918.0,740.0
1984.0,631.0
1795.0,394.0
2047.0,78.0
-108.0,-229.0
-2048.0,-430.0
-1977.0,-508.0
-2048.0,-463.0
-2048.0,-289.0
1112.0,-64.0
2047.0,81.0
1869.0,79.0
1983.0,38.0
1980.0,18.0
1856.0,-10.0
2047.0,-81.0
-155.0,-174.0
-2048.0,-211.0
-1821.0,-201.0
-2048.0,-181.0
-1044.0,-162.0
2047.0,-196.0
1818.0,-281.0
2047.0,-314.0
1427.0,-223.0
-1963.0,-73.0
-2048.0,81.0
-2026.0,147.0
-2048.0,6.0
1010.0,-275.0
2047.0,-529.0
1921.0,-764.0
2016.0,-901.0
2032.0,-838.0
1893.0,-692.0
2047.0,-475.0
597.0,-129.0
-2048.0,231.0
-1947.0,498.0
-2048.0,614.0
-1959.0,466.0
-2048.0,131.0
-50.0,-217.0
2047.0,-398.0
1932.0,-361.0
739.0,-212.0
-642.0,-90.0
-766.0,-62.0
-435.0,-112.0
158.0,-182.0
292.0,-219.0
190.0,-197.0
-53.0,-165.0
-88.0,-152.0
8.0,-167.0
157.0,-190.0
164.0,-195.0
85.0,-188.0
-4.0,-177.0
-31.0,-169.0
23.0,-158.0
97.0,-170.0
108.0,-184.0
44.0,-181.0
-12.0,-160.0
11.0,-150.0
71.0,-165.0
98.0,-178.0
48.0,-173.0
-45.0,-153.0
-93.0,-134.0
-5.0,-144.0
195.0,-192.0
409.0,-263.0
342.0,-261.0
-81.0,-148.0
-713.0,18.0
-942.0,81.0
-402.0,-65.0
1309.0,-487.0
2047.0,-1069.0
2003.0,-1767.0
2047.0,-2048.0
2041.0,-2048.0
2047.0,-2048.0
2047.0,-2048.0
2047.0,-2048.0
2047.0,-2048.0
2047.0,-2048.0
2047.0,-2048.0
2047.0,-2048.0
2047.0,-2048.0
2047.0,-2048.0
2047.0,-2048.0
2046.0,-2048.0
2047.0,-2048.0
2037.0,-2048.0
2047.0,-2048.0
2013.0,-2048.0
2047.0,-2048.0
1538.0,-675.0
-1998.0,1124.0
-2048.0,2008.0
-2048.0,1940.0
-2048.0,2002.0
-2048.0,1932.0
-2048.0,2043.0
-2048.0,1652.0
-1032.0,-26.0
2047.0,-1536.0
1929.0,-2048.0
2047.0,-2048.0
1947.0,-2048.0
2047.0,-2048.0
1884.0,-2048.0
2047.0,-1925.0
-189.0,507.0
-2048.0,2047.0
-1951.0,1842.0
-2048.0,2047.0
-1077.0,267.0
2047.0,-2048.0
1912.0,-1946.0
2047.0,-2048.0
1463.0,-1028.0
-2048.0,1868.0
-2048.0,1909.0
-2048.0,2047.0
-2048.0,1356.0
1331.0,-1637.0
2047.0,-2048.0
1968.0,-2048.0
2047.0,-2048.0
2017.0,-2048.0
2047.0,-2048.0
2033.0,-2048.0
2047.0,-2048.0
2039.0,-2048.0
2047.0,-2048.0
2044.0,-2048.0
2047.0,-2048.0
2047.0,-2048.0
2047.0,-2048.0
2047.0,-2048.0
2047.0,-2048.0
2047.0,-2048.0
2047.0,-2048.0
2047.0,-2048.0
2047.0,-2048.0
2047.0,-2048.0
2047.0,-2048.0
2047.0,-2048.0
2047.0,-2048.0
2047.0,-2048.0
2047.0,-2048.0
2047.0,-2048.0
2045.0,-2048.0
2047.0,-2048.0
2041.0,-2048.0
2047.0,-2048.0
2034.0,-2048.0
2047.0,-2048.0
2023.0,-2048.0
2047.0,-2048.0
2005.0,-2048.0
2047.0,-2048.0
1956.0,-2023.0
2047.0,-2048.0
783.0,-743.0
-2048.0,1615.0
-2048.0,1986.0
-2048.0,1998.0
-2048.0,1959.0
-2048.0,2009.0
-2048.0,1946.0
-2048.0,1996.0
-117.0,-35.0
2047.0,-1996.0
1960.0,-2048.0
2047.0,-2048.0
1999.0,-2048.0
2047.0,-2048.0
2014.0,-2048.0
2047.0,-2048.0
2017.0,-2048.0
2047.0,-2048.0
2013.0,-2048.0
2047.0,-2048.0
1994.0,-2036.0
2047.0,-2048.0
1937.0,-1991.0
2047.0,-2048.0
502.0,-557.0
-2048.0,1912.0
-2048.0,1946.0
-2048.0,2019.0
-2048.0,1956.0
-2048.0,2008.0
-2048.0,1962.0
-2048.0,2004.0
-2048.0,1962.0
-2048.0,2007.0
-2048.0,1955.0
-2048.0,2017.0
-2048.0,1937.0
-2048.0,2045.0
-2048.0,1885.0
-2048.0,2047.0
-568.0,384.0
2045.0,-2048.0
1988.0,-2016.0
2047.0,-2048.0
2011.0,-2039.0
2047.0,-2048.0
2022.0,-2048.0
2047.0,-2048.0
2024.0,-2048.0
2047.0,-2048.0
2019.0,-2044.0
2047.0,-2048.0
2004.0,-2025.0
2047.0,-2048.0
1956.0,-1970.0
2047.0,-2048.0
469.0,-562.0
-2048.0,2009.0
-2048.0,1918.0
-2048.0,2036.0
-2048.0,1944.0
-2048.0,2017.0
-2048.0,1955.0
-2048.0,2010.0
-2048.0,1956.0
-2048.0,2013.0
-2048.0,1949.0
-2048.0,2024.0
-2048.0,1928.0
-2048.0,2047.0
-2048.0,1867.0
-2048.0,2047.0
-543.0,407.0
1913.0,-2048.0
2022.0,-1992.0
2047.0,-2048.0
2026.0,-2029.0
2047.0,-2048.0
2031.0,-2043.0
2047.0,-2048.0
2033.0,-2045.0
2047.0,-2048.0
2029.0,-2038.0
2047.0,-2048.0
2019.0,-2016.0
2047.0,-2048.0
1988.0,-1953.0
2047.0,-2048.0
413.0,-579.0
-1992.0,2047.0
-2048.0,1895.0
-2048.0,2047.0
-2048.0,1935.0
-2048.0,2024.0
-2048.0,1950.0
-2048.0,2015.0
-2048.0,1952.0
-2048.0,2017.0
-2048.0,1944.0
-2048.0,2030.0
-2048.0,1922.0
-2048.0,2047.0
-2048.0,1856.0
-2048.0,2047.0
-459.0,494.0
1703.0,-2048.0
2047.0,-1980.0
2047.0,-2048.0
2045.0,-2023.0
2047.0,-2048.0
2044.0,-2039.0
2047.0,-2048.0
2044.0,-2042.0
2047.0,-2048.0
2043.0,-2034.0
2047.0,-2048.0
2041.0,-2010.0
2047.0,-2048.0
2037.0,-1941.0
2023.0,-2048.0
300.0,-646.0
-1730.0,2047.0
-2048.0,1880.0
-2048.0,2047.0
-2048.0,1928.0
-2048.0,2028.0
-2048.0,1942.0
-2048.0,2019.0
-2048.0,1944.0
-2048.0,2022.0
-2048.0,1933.0
-2048.0,2040.0
-2048.0,1904.0
-2048.0,2047.0
-2048.0,1819.0
-1917.0,2047.0
109.0,-36.0
1806.0,-2048.0
2036.0,-1929.0
2047.0,-2048.0
1174.0,-1845.0
-991.0,1358.0
-2048.0,2047.0
-2048.0,1929.0
-2048.0,1986.0
-2048.0,2010.0
-2048.0,1897.0
-1453.0,2047.0
-91.0,547.0
942.0,-2048.0
1857.0,-1947.0
2046.0,-2048.0
2047.0,-1970.0
2008.0,-2048.0
2047.0,-1918.0
1358.0,-2048.0
-534.0,228.0
-1836.0,2047.0
-2048.0,1707.0
-1986.0,2047.0
-365.0,767.0
1424.0,-2048.0
2047.0,-1918.0
1975.0,-2048.0
412.0,-1307.0
-1563.0,2031.0
-2048.0,1864.0
-2048.0,2047.0
-547.0,1240.0
1334.0,-2048.0
2047.0,-1948.0
1788.0,-2048.0
259.0,-1292.0
-1394.0,2047.0
-2048.0,1846.0
-1745.0,2047.0
-484.0,1293.0
1013.0,-2008.0
1718.0,-2048.0
1489.0,-2048.0
516.0,-1910.0
-816.0,1460.0
-1703.0,2047.0
-1937.0,1932.0
-1691.0,2003.0
-1324.0,1972.0
-1139.0,1975.0
-1225.0,1997.0
-1448.0,1946.0
-1562.0,2032.0
-1372.0,1888.0
-923.0,2047.0
-258.0,975.0
468.0,-2048.0
920.0,-1967.0
1247.0,-2048.0
1360.0,-1965.0
1287.0,-2048.0
985.0,-1897.0
532.0,-2048.0
-159.0,23.0
-738.0,2047.0
-941.0,1799.0
-852.0,2047.0
-420.0,1617.0
264.0,-1647.0
686.0,-2048.0
819.0,-2030.0
734.0,-2048.0
541.0,-2048.0
399.0,-2048.0
414.0,-2048.0
545.0,-2006.0
630.0,-2048.0
511.0,-1907.0
274.0,-2048.0
-157.0,-167.0
-523.0,2047.0
-578.0,1832.0
-498.0,2047.0
-282.0,1772.0
56.0,-1453.0
182.0,-2048.0
227.0,-2030.0
276.0,-2048.0
290.0,-2048.0
206.0,-1952.0
99.0,-2048.0
-108.0,299.0
-221.0,2047.0
-191.0,1826.0
-167.0,2047.0
-144.0,1736.0
-13.0,-1478.0
-27.0,-2048.0
-147.0,-2028.0
-248.0,-2048.0
-261.0,-2048.0
-213.0,-1973.0
-88.0,-2048.0
-27.0,295.0
53.0,2047.0
152.0,1708.0
39.0,2047.0
-102.0,855.0
-235.0,-2048.0
-483.0,-1918.0
-439.0,-2048.0
-138.0,-1402.0
181.0,1825.0
475.0,2045.0
432.0,1901.0
67.0,2047.0
-243.0,-1163.0
-586.0,-2048.0
-822.0,-2012.0
-931.0,-2048.0
-932.0,-2048.0
-767.0,-1955.0
-395.0,-2048.0
-33.0,-265.0
306.0,2047.0
633.0,1814.0
655.0,2047.0
455.0,1893.0
99.0,2000.0
-124.0,-327.0
-235.0,-1690.0
-224.0,-1384.0
-136.0,-380.0
-63.0,465.0
-38.0,650.0
-65.0,338.0
-104.0,-67.0
-124.0,-213.0
-101.0,-110.0
-78.0,66.0
-71.0,117.0
-83.0,36.0
-111.0,-75.0
-120.0,-90.0
-104.0,-28.0
-85.0,45.0
-75.0,63.0
-83.0,19.0
-102.0,-22.0
-97.0,-20.0
-81.0,17.0
-77.0,55.0
-93.0,45.0
-112.0,-3.0
-115.0,-24.0
-97.0,21.0
-85.0,83.0
-88.0,117.0
-102.0,54.0
-130.0,-91.0
-152.0,-249.0
-141.0,-199.0
-61.0,109.0
46.0,583.0
98.0,743.0
-21.0,357.0
-335.0,-950.0
-855.0,-2048.0
-1456.0,-2048.0
-1932.0,-2048.0
-2039.0,-2048.0
-2039.0,-2048.0
-2026.0,-2048.0
-2048.0,-2048.0
-1964.0,-2048.0
-1987.0,-2048.0
-2048.0,-2048.0
-2028.0,-2048.0
-2037.0,-2048.0
-2034.0,-2048.0
-2028.0,-2048.0
-2039.0,-2042.0
-2019.0,-2048.0
-2048.0,-2021.0
-2000.0,-2048.0
-2048.0,-1966.0
-1752.0,-2048.0
-363.0,-920.0
879.0,2005.0
1863.0,1900.0
1813.0,2047.0
1893.0,1905.0
1800.0,2047.0
1941.0,1861.0
1459.0,2047.0
-10.0,628.0
-1186.0,-2048.0
-2048.0,-1966.0
-1996.0,-2048.0
-2048.0,-1977.0
-1989.0,-2048.0
-2048.0,-1925.0
-1701.0,-2048.0
517.0,398.0
1874.0,2047.0
1789.0,1724.0
1959.0,2047.0
290.0,655.0
-1965.0,-2048.0
-1941.0,-1872.0
-2048.0,-2048.0
-896.0,-1125.0
1667.0,2018.0
1804.0,1941.0
1963.0,2036.0
1225.0,1805.0
-1424.0,-1504.0
-2048.0,-2048.0
-2009.0,-1998.0
-2040.0,-2048.0
-2023.0,-2035.0
-2034.0,-2048.0
-2026.0,-2048.0
-2031.0,-2048.0
-2025.0,-2048.0
-2028.0,-2048.0
-2025.0,-2048.0
-2027.0,-2048.0
-2027.0,-2048.0
-2028.0,-2048.0
-2027.0,-2048.0
-2027.0,-2048.0
-2025.0,-2048.0
-2024.0,-2048.0
-2024.0,-2048.0
-2024.0,-2048.0
-2023.0,-2048.0
-2023.0,-2048.0
-2023.0,-2048.0
-2023.0,-2048.0
-2025.0,-2048.0
-2023.0,-2048.0
-2025.0,-2048.0
-2021.0,-2048.0
-2026.0,-2048.0
-2019.0,-2048.0
-2028.0,-2048.0
-2014.0,-2046.0
-2029.0,-2048.0
-2007.0,-2035.0
-2035.0,-2048.0
-1997.0,-2018.0
-2048.0,-2048.0
-1968.0,-1970.0
-2048.0,-2048.0
-703.0,-657.0
1572.0,1955.0
1856.0,1930.0
1882.0,2047.0
1832.0,1926.0
1894.0,2047.0
1814.0,1886.0
1910.0,2047.0
8.0,181.0
-1935.0,-2048.0
-2000.0,-1989.0
-2041.0,-2048.0
-2002.0,-2018.0
-2036.0,-2048.0
-2004.0,-2030.0
-2035.0,-2048.0
-2002.0,-2032.0
-2041.0,-2048.0
-1996.0,-2028.0
-2048.0,-2048.0
-1980.0,-2012.0
-2048.0,-2048.0
-1934.0,-1961.0
-2048.0,-2048.0
-509.0,-389.0
1831.0,2026.0
1814.0,1937.0
1902.0,2047.0
1830.0,1963.0
1888.0,2030.0
1838.0,1975.0
1883.0,2023.0
1838.0,1978.0
1885.0,2022.0
1831.0,1974.0
1895.0,2029.0
1814.0,1960.0
1923.0,2047.0
1761.0,1916.0
2046.0,2047.0
412.0,602.0
-2035.0,-1929.0
-1960.0,-2032.0
-2048.0,-2048.0
-1983.0,-2036.0
-2048.0,-2048.0
-1993.0,-2042.0
-2045.0,-2048.0
-1994.0,-2043.0
-2047.0,-2048.0
-1987.0,-2039.0
-2048.0,-2048.0
-1968.0,-2027.0
-2048.0,-2048.0
-1911.0,-1994.0
-2048.0,-2048.0
-562.0,-308.0
1912.0,1920.0
1788.0,1971.0
1917.0,2029.0
1819.0,1978.0
1896.0,2019.0
1831.0,1984.0
1889.0,2015.0
1833.0,1985.0
1890.0,2015.0
1825.0,1982.0
1901.0,2019.0
1805.0,1972.0
1933.0,2035.0
1746.0,1941.0
2047.0,2047.0
458.0,570.0
-2048.0,-1778.0
-1938.0,-2048.0
-2048.0,-2048.0
-1974.0,-2048.0
-2048.0,-2048.0
-1987.0,-2048.0
-2048.0,-2048.0
-1989.0,-2048.0
-2048.0,-2048.0
-1981.0,-2048.0
-2048.0,-2048.0
-1960.0,-2046.0
-2048.0,-2048.0
-1895.0,-2036.0
-2048.0,-2048.0
-576.0,-256.0
1975.0,1751.0
1768.0,2011.0
1928.0,2003.0
1810.0,1996.0
1902.0,2005.0
1825.0,1996.0
1893.0,2004.0
1828.0,1996.0
1894.0,2004.0
1820.0,1994.0
1907.0,2006.0
1798.0,1990.0
1942.0,2011.0
1731.0,1979.0
2047.0,2021.0
515.0,512.0
-2048.0,-1469.0
-1921.0,-2048.0
-2048.0,-2048.0
-1966.0,-2048.0
-2048.0,-2048.0
-1981.0,-2048.0
-2048.0,-2048.0
-1983.0,-2048.0
-2048.0,-2048.0
-1974.0,-2048.0
-2048.0,-2042.0
-1949.0,-2048.0
-2048.0,-2023.0
-1875.0,-2048.0
-2048.0,-1739.0
-627.0,-81.0
2047.0,1446.0
1745.0,2047.0
1941.0,1970.0
1800.0,2021.0
1907.0,1983.0
1816.0,2011.0
1897.0,1986.0
1818.0,2009.0
1900.0,1986.0
1807.0,2010.0
1918.0,1982.0
1777.0,2019.0
1970.0,1966.0
1688.0,2047.0
2047.0,1639.0
26.0,-44.0
-2048.0,-1348.0
-1865.0,-2048.0
-2048.0,-1768.0
-1841.0,-674.0
1316.0,775.0
1981.0,1890.0
1807.0,2000.0
1860.0,2000.0
1887.0,1983.0
1773.0,2009.0
2047.0,1143.0
614.0,190.0
-2048.0,-643.0
-1929.0,-1383.0
-2048.0,-1926.0
-1912.0,-2048.0
-2048.0,-2048.0
-1866.0,-1912.0
-2048.0,-765.0
210.0,429.0
2047.0,1522.0
1596.0,1943.0
2047.0,1485.0
828.0,305.0
-2048.0,-989.0
-1887.0,-1701.0
-2048.0,-1373.0
-1310.0,-181.0
1954.0,1215.0
1739.0,1982.0
2047.0,1641.0
1251.0,424.0
-2048.0,-894.0
-1922.0,-1558.0
-2048.0,-1191.0
-1306.0,-75.0
1984.0,1099.0
1739.0,1668.0
2047.0,1361.0
1311.0,411.0
-1974.0,-587.0
-2048.0,-1099.0
-2048.0,-933.0
-1925.0,-249.0
1443.0,604.0
1990.0,1247.0
1843.0,1445.0
1911.0,1275.0
1901.0,984.0
1910.0,810.0
1932.0,825.0
1877.0,956.0
1953.0,1018.0
1827.0,900.0
2047.0,613.0
1036.0,218.0
-2048.0,-171.0
-2003.0,-447.0
-2048.0,-632.0
-1977.0,-732.0
-2048.0,-658.0
-1922.0,-428.0
-2048.0,-121.0
12.0,204.0
2047.0,490.0
1749.0,642.0
2047.0,555.0
1619.0,290.0
-1653.0,-11.0
-2048.0,-183.0
-2048.0,-211.0
-2048.0,-174.0
-2048.0,-81.0
-2048.0,-9.0
-2048.0,-17.0
-2048.0,-68.0
-2048.0,-38.0
-1954.0,46.0
-2048.0,117.0
-144.0,152.0
2047.0,141.0
1809.0,135.0
2039.0,118.0
1784.0,112.0
-1433.0,182.0
-2048.0,279.0
-2048.0,332.0
-2048.0,337.0
-2048.0,301.0
-2013.0,271.0
-2048.0,221.0
324.0,93.0
2047.0,-47.0
1815.0,-128.0
2047.0,-110.0
1753.0,27.0
-1480.0,272.0
-2048.0,547.0
-2048.0,780.0
-2048.0,927.0
-2048.0,917.0
-2048.0,768.0
-2048.0,466.0
309.0,15.0
2047.0,-432.0
1725.0,-647.0
2047.0,-477.0
882.0,48.0
-2048.0,662.0
-2013.0,1045.0
-2048.0,930.0
-1404.0,331.0
1862.0,-403.0
2047.0,-852.0
1919.0,-798.0
2047.0,-274.0
-1170.0,481.0
-2048.0,1145.0
-2048.0,1488.0
-2048.0,1536.0
-2048.0,1428.0
-2048.0,1171.0
-2048.0,720.0
-248.0,86.0
2047.0,-597.0
1839.0,-1073.0
2047.0,-1163.0
1904.0,-845.0
2020.0,-290.0
-263.0,217.0
-1642.0,475.0
-1347.0,432.0
-365.0,220.0
477.0,48.0
667.0,20.0
359.0,90.0
-54.0,166.0
-196.0,191.0
-81.0,160.0
111.0,120.0
150.0,116.0
62.0,140.0
-44.0,166.0
-64.0,171.0
-6.0,157.0
70.0,142.0
92.0,140.0
47.0,146.0
-9.0,158.0
-7.0,163.0
47.0,143.0
91.0,123.0
71.0,121.0
11.0,136.0
-16.0,143.0
29.0,126.0
99.0,111.0
140.0,109.0
74.0,134.0
-73.0,184.0
-229.0,226.0
-180.0,214.0
135.0,116.0
611.0,-43.0
777.0,-120.0
377.0,20.0
-940.0,457.0
-2048.0,1075.0
-2048.0,1770.0
-2048.0,2012.0
-2048.0,1981.0
-2048.0,1998.0
-2048.0,1988.0
-2048.0,1996.0
-2048.0,1990.0
-2048.0,1994.0
-2048.0,1990.0
-2048.0,1992.0
-2048.0,1990.0
-2048.0,1990.0
-2048.0,1989.0
-2048.0,1987.0
-2048.0,1990.0
-2048.0,1984.0
-2048.0,1991.0
-2048.0,1982.0
-2048.0,1965.0
-905.0,593.0
2047.0,-1114.0
1978.0,-2048.0
2047.0,-2040.0
1988.0,-2048.0
2047.0,-2021.0
1950.0,-2048.0
2047.0,-1610.0
674.0,60.0
-2048.0,1485.0
-2048.0,2047.0
-2048.0,1955.0
-2048.0,2012.0
-2048.0,1967.0
-2048.0,2012.0
-2048.0,1839.0
481.0,-500.0
2047.0,-2048.0
1808.0,-1945.0
2047.0,-2048.0
657.0,-306.0
-2048.0,2047.0
-2003.0,1862.0
-2048.0,2047.0
-1124.0,981.0
2047.0,-1896.0
2006.0,-2016.0
2047.0,-2048.0
1845.0,-1383.0
-1603.0,1529.0
-2048.0,2027.0
-2048.0,1974.0
-2048.0,1993.0
-2048.0,1985.0
-2048.0,1990.0
-2048.0,1986.0
-2048.0,1988.0
-2048.0,1984.0
-2048.0,1986.0
-2048.0,1983.0
-2048.0,1985.0
-2048.0,1985.0
-2048.0,1986.0
-2048.0,1985.0
-2048.0,1985.0
-2048.0,1983.0
-2048.0,1983.0
-2048.0,1983.0
-2048.0,1982.0
-2048.0,1982.0
-2048.0,1982.0
-2048.0,1982.0
-2048.0,1982.0
-2048.0,1984.0
-2048.0,1982.0
-2048.0,1984.0
-2048.0,1980.0
-2048.0,1986.0
-2048.0,1977.0
-2048.0,1988.0
-2048.0,1971.0
-2048.0,1991.0
-2048.0,1964.0
-2048.0,1999.0
-2048.0,1951.0
-2048.0,2017.0
-2048.0,1916.0
-2048.0,2047.0
-693.0,788.0
2025.0,-1769.0
2015.0,-2048.0
2047.0,-2048.0
2011.0,-2041.0
2047.0,-2048.0
1974.0,-2021.0
2047.0,-2048.0
214.0,81.0
-2048.0,2011.0
-2048.0,1932.0
-2048.0,2017.0
-2048.0,1951.0
-2048.0,2004.0
-2048.0,1958.0
-2048.0,2000.0
-2048.0,1958.0
-2048.0,2005.0
-2048.0,1953.0
-2048.0,2015.0
-2048.0,1936.0
-2048.0,2042.0
-2048.0,1885.0
-2048.0,2047.0
-373.0,610.0
2047.0,-2018.0
2020.0,-2031.0
2047.0,-2048.0
2046.0,-2046.0
2047.0,-2048.0
2047.0,-2048.0
2047.0,-2048.0
2047.0,-2048.0
2047.0,-2048.0
2047.0,-2045.0
2047.0,-2048.0
2043.0,-2025.0
2047.0,-2048.0
1998.0,-1967.0
2047.0,-2048.0
650.0,-385.0
-2014.0,2047.0
-2048.0,1901.0
-2048.0,2043.0
-2048.0,1937.0
-2048.0,2019.0
-2048.0,1950.0
-2048.0,2011.0
-2048.0,1953.0
-2048.0,2012.0
-2048.0,1946.0
-2048.0,2023.0
-2048.0,1926.0
-2048.0,2047.0
-2048.0,1867.0
-2048.0,2047.0
-324.0,595.0
1981.0,-2048.0
2047.0,-2003.0
2047.0,-2048.0
2047.0,-2034.0
2047.0,-2048.0
2047.0,-2046.0
2047.0,-2048.0
2047.0,-2047.0
2047.0,-2048.0
2047.0,-2039.0
2047.0,-2048.0
2047.0,-2017.0
2047.0,-2048.0
2026.0,-1951.0
2047.0,-2048.0
630.0,-432.0
-1772.0,2047.0
-2048.0,1883.0
-2048.0,2047.0
-2048.0,1929.0
-2048.0,2025.0
-2048.0,1945.0
-2048.0,2015.0
-2048.0,1949.0
-2048.0,2016.0
-2048.0,1943.0
-2048.0,2027.0
-2048.0,1922.0
-2048.0,2047.0
-2048.0,1858.0
-2048.0,2047.0
-201.0,691.0
1799.0,-2048.0
2047.0,-1992.0
2047.0,-2048.0
2047.0,-2029.0
2047.0,-2048.0
2047.0,-2043.0
2047.0,-2048.0
2047.0,-2045.0
2047.0,-2048.0
2047.0,-2036.0
2047.0,-2048.0
2047.0,-2011.0
2047.0,-2048.0
2047.0,-1941.0
2047.0,-2048.0
549.0,-546.0
-1448.0,2047.0
-2048.0,1873.0
-2048.0,2047.0
-2048.0,1925.0
-2048.0,2029.0
-2048.0,1943.0
-2048.0,2018.0
-2048.0,1947.0
-2048.0,2018.0
-2048.0,1941.0
-2048.0,2030.0
-2048.0,1919.0
-2048.0,2047.0
-2048.0,1853.0
-1724.0,2047.0
-84.0,774.0
1505.0,-2048.0
2047.0,-1984.0
2047.0,-2048.0
2047.0,-2026.0
2047.0,-2048.0
2047.0,-2038.0
2047.0,-2048.0
2047.0,-2038.0
2047.0,-2048.0
2047.0,-2026.0
2047.0,-2048.0
2047.0,-1994.0
2047.0,-2048.0
2047.0,-1906.0
1732.0,-2048.0
-13.0,-1.0
-1380.0,2047.0
-2047.0,1856.0
-1738.0,2047.0
-690.0,1860.0
870.0,-1325.0
1972.0,-2048.0
2047.0,-2004.0
2047.0,-2048.0
2047.0,-2048.0
2047.0,-1992.0
1248.0,-2048.0
243.0,-556.0
-639.0,2047.0
-1339.0,1840.0
-1824.0,2047.0
-2048.0,1869.0
-2048.0,2047.0
-1669.0,1817.0
-797.0,2047.0
438.0,-215.0
1503.0,-2048.0
1873.0,-1789.0
1527.0,-2048.0
415.0,-806.0
-867.0,2047.0
-1481.0,1836.0
-1239.0,2047.0
-184.0,1308.0
1149.0,-2048.0
1765.0,-1966.0
1503.0,-2048.0
474.0,-1294.0
-776.0,2047.0
-1330.0,1855.0
-1071.0,2047.0
-102.0,1266.0
1049.0,-2048.0
1520.0,-1943.0
1288.0,-2048.0
463.0,-1339.0
-527.0,1924.0
-965.0,1965.0
-832.0,1990.0
-232.0,1877.0
650.0,-1475.0
1158.0,-2048.0
1263.0,-2011.0
1140.0,-2048.0
945.0,-2048.0
846.0,-2048.0
872.0,-2048.0
942.0,-2038.0
965.0,-2048.0
855.0,-1974.0
629.0,-2048.0
269.0,-980.0
-149.0,2047.0
-372.0,1862.0
-526.0,2047.0
-570.0,1868.0
-497.0,2047.0
-280.0,1803.0
-100.0,2047.0
204.0,7.0
476.0,-2048.0
544.0,-1885.0
532.0,-2048.0
352.0,-1654.0
31.0,1616.0
-55.0,2047.0
-83.0,1947.0
-93.0,1994.0
-32.0,1985.0
35.0,1958.0
58.0,2020.0
71.0,1915.0
76.0,2047.0
100.0,1819.0
67.0,2047.0
147.0,185.0
256.0,-2048.0
186.0,-1916.0
160.0,-2048.0
200.0,-1795.0
193.0,1447.0
331.0,2047.0
414.0,1952.0
427.0,1962.0
462.0,2043.0
432.0,1852.0
235.0,2047.0
111.0,-299.0
-23.0,-2048.0
-175.0,-1905.0
-116.0,-2048.0
96.0,-1763.0
293.0,1457.0
610.0,2047.0
863.0,1947.0
986.0,1977.0
950.0,2022.0
764.0,1875.0
393.0,2047.0
7.0,-295.0
-403.0,-2048.0
-674.0,-1790.0
-427.0,-2048.0
126.0,-853.0
726.0,2047.0
1185.0,1827.0
996.0,2047.0
314.0,1364.0
-391.0,-1896.0
-897.0,-2048.0
-812.0,-2003.0
-184.0,-2048.0
493.0,1162.0
1185.0,2047.0
1643.0,1934.0
1787.0,1971.0
1668.0,2036.0
1315.0,1858.0
730.0,2047.0
91.0,253.0
-550.0,-2048.0
-1115.0,-1920.0
-1192.0,-2048.0
-819.0,-2010.0
-205.0,-2015.0
223.0,375.0
429.0,1642.0
404.0,1371.0
247.0,381.0
98.0,-421.0
51.0,-605.0
109.0,-304.0
189.0,77.0
214.0,220.0
191.0,118.0
156.0,-51.0
149.0,-83.0
166.0,8.0
187.0,95.0
190.0,97.0
176.0,47.0
158.0,-24.0
154.0,-46.0
163.0,5.0
178.0,62.0
174.0,63.0
155.0,9.0
138.0,-41.0
151.0,-27.0
180.0,20.0
198.0,38.0
189.0,-3.0
161.0,-65.0
141.0,-98.0
144.0,-34.0
191.0,111.0
240.0,271.0
234.0,221.0
129.0,-79.0
-14.0,-539.0
-78.0,-694.0
76.0,-311.0
470.0,948.0
1114.0,1988.0
1772.0,1959.0
1882.0,1992.0
1868.0,1967.0
1874.0,1985.0
1872.0,1975.0
1874.0,1981.0
1872.0,1978.0
1873.0,1977.0
1872.0,1982.0
1872.0,1971.0
1873.0,1988.0
1869.0,1964.0
1872.0,1993.0
1865.0,1952.0
1874.0,2004.0
1860.0,1933.0
1879.0,2030.0
1848.0,1883.0
1892.0,2047.0
648.0,900.0
-1029.0,-2038.0
-2006.0,-2008.0
-1986.0,-2048.0
-2043.0,-2003.0
-1963.0,-2048.0
-2048.0,-1957.0
-1562.0,-2048.0
95.0,-484.0
1413.0,2047.0
1934.0,1867.0
1836.0,2047.0
1889.0,1883.0
1854.0,2047.0
1878.0,1835.0
1782.0,2047.0
-450.0,-426.0
-2048.0,-2048.0
-1887.0,-1808.0
-2048.0,-2048.0
-218.0,-568.0
1954.0,2047.0
1751.0,1776.0
2044.0,2047.0
957.0,1048.0
-1827.0,-2048.0
-1960.0,-2016.0
-2048.0,-2048.0
-1304.0,-1762.0
1520.0,1536.0
1892.0,2047.0
1863.0,1930.0
1867.0,2001.0
1869.0,1956.0
1867.0,1988.0
1868.0,1964.0
1866.0,1982.0
1865.0,1965.0
1865.0,1977.0
1864.0,1967.0
1865.0,1974.0
1866.0,1971.0
1866.0,1974.0
1866.0,1971.0
1865.0,1973.0
1863.0,1970.0
1863.0,1969.0
1863.0,1969.0
1863.0,1969.0
1862.0,1969.0
1862.0,1968.0
1862.0,1968.0
1862.0,1968.0
1864.0,1971.0
1862.0,1968.0
1865.0,1971.0
1860.0,1966.0
1866.0,1973.0
1858.0,1962.0
1868.0,1977.0
1852.0,1956.0
1870.0,1980.0
1845.0,1947.0
1878.0,1990.0
1834.0,1931.0
1895.0,2013.0
1799.0,1888.0
1982.0,2047.0
826.0,662.0
-1686.0,-1941.0
-2016.0,-2048.0
-2043.0,-2048.0
-1987.0,-2037.0
-2048.0,-2048.0
-1967.0,-2010.0
-2048.0,-2048.0
116.0,-127.0
1910.0,1969.0
1808.0,1920.0
1898.0,2005.0
1830.0,1938.0
1885.0,1991.0
1838.0,1945.0
1880.0,1986.0
1838.0,1946.0
1885.0,1989.0
1833.0,1943.0
1894.0,1997.0
1816.0,1929.0
1920.0,2020.0
1766.0,1885.0
2042.0,2047.0
619.0,403.0
-1962.0,-2015.0
-1975.0,-2048.0
-2048.0,-2048.0
-1989.0,-2048.0
-2046.0,-2048.0
-1996.0,-2048.0
-2042.0,-2048.0
-1995.0,-2048.0
-2045.0,-2048.0
-1987.0,-2048.0
-2048.0,-2048.0
-1967.0,-2048.0
-2048.0,-2048.0
-1910.0,-2020.0
-2048.0,-2048.0
-356.0,-538.0
1964.0,1815.0
1776.0,1948.0
1923.0,1993.0
1815.0,1949.0
1899.0,1986.0
1829.0,1955.0
1890.0,1982.0
1832.0,1956.0
1890.0,1981.0
1826.0,1953.0
1900.0,1986.0
1808.0,1944.0
1930.0,1999.0
1751.0,1918.0
2047.0,2047.0
644.0,333.0
-2033.0,-1870.0
-1953.0,-2048.0
-2048.0,-2048.0
-1979.0,-2048.0
-2048.0,-2048.0
-1989.0,-2048.0
-2045.0,-2048.0
-1989.0,-2048.0
-2048.0,-2048.0
-1980.0,-2048.0
-2048.0,-2048.0
-1957.0,-2048.0
-2048.0,-2048.0
-1891.0,-2048.0
-2048.0,-2048.0
-403.0,-482.0
2018.0,1617.0
1756.0,1991.0
1934.0,1967.0
1806.0,1969.0
1904.0,1970.0
1823.0,1968.0
1894.0,1969.0
1827.0,1969.0
1894.0,1968.0
1821.0,1969.0
1905.0,1966.0
1801.0,1970.0
1938.0,1963.0
1737.0,1978.0
2047.0,1889.0
724.0,220.0
-2048.0,-1597.0
-1934.0,-2048.0
-2048.0,-2048.0
-1970.0,-2048.0
-2048.0,-2048.0
-1983.0,-2048.0
-2048.0,-2048.0
-1984.0,-2048.0
-2048.0,-2048.0
-1974.0,-2048.0
-2048.0,-2048.0
-1948.0,-2048.0
-2048.0,-2048.0
-1874.0,-2048.0
-2048.0,-1875.0
-516.0,-319.0
2047.0,1200.0
1742.0,1991.0
1942.0,1953.0
1799.0,1980.0
1908.0,1964.0
1819.0,1970.0
1895.0,1977.0
1828.0,1896.0
1904.0,1795.0
1818.0,1962.0
1907.0,1950.0
1796.0,1995.0
1942.0,1927.0
1730.0,2045.0
2047.0,1502.0
811.0,71.0
-2048.0,-1176.0
-1931.0,-2048.0
-2048.0,-2048.0
-1967.0,-2048.0
-2048.0,-2048.0
-1979.0,-2048.0
-2048.0,-1739.0
-1997.0,-1692.0
-2048.0,-1662.0
-1983.0,-1715.0
-2048.0,-1930.0
-1930.0,-2048.0
-2048.0,-2048.0
-1840.0,-2048.0
-2048.0,-1273.0
40.0,44.0
2047.0,1109.0
1752.0,1683.0
1942.0,1430.0
1844.0,558.0
-1275.0,-599.0
-2048.0,-1570.0
-1934.0,-2048.0
-2033.0,-2048.0
-2030.0,-2048.0
-1955.0,-1615.0
-2048.0,-821.0
-546.0,-166.0
2047.0,500.0
1761.0,1011.0
2012.0,1423.0
1761.0,1619.0
2001.0,1564.0
1732.0,1189.0
2047.0,531.0
-141.0,-316.0
-2048.0,-1071.0
-1756.0,-1378.0
-2048.0,-1063.0
-784.0,-243.0
2047.0,661.0
1760.0,1118.0
2047.0,873.0
1334.0,79.0
-2048.0,-797.0
-1952.0,-1226.0
-2048.0,-984.0
-1291.0,-265.0
2031.0,517.0
1782.0,920.0
2047.0,713.0
1296.0,39.0
-2048.0,-656.0
-1948.0,-981.0
-2048.0,-798.0
-1347.0,-268.0
1905.0,277.0
1911.0,588.0
1933.0,517.0
1884.0,124.0
-1420.0,-357.0
-2048.0,-711.0
-2005.0,-790.0
-2048.0,-645.0
-2048.0,-473.0
-2048.0,-388.0
-2048.0,-420.0
-2048.0,-490.0
-2048.0,-482.0
-1993.0,-403.0
-2048.0,-283.0
-926.0,-150.0
2047.0,-41.0
1829.0,40.0
2047.0,57.0
1845.0,-35.0
2047.0,-129.0
1786.0,-127.0
2047.0,-109.0
57.0,-88.0
-2048.0,-38.0
-1921.0,-10.0
-2048.0,-12.0
-1642.0,-68.0
1650.0,-179.0
2041.0,-301.0
1952.0,-369.0
1986.0,-397.0
1986.0,-387.0
1951.0,-360.0
2021.0,-412.0
1918.0,-523.0
2047.0,-564.0
1822.0,-511.0
2047.0,-353.0
221.0,-56.0
-2048.0,262.0
-1975.0,429.0
-2048.0,368.0
-1802.0,84.0
1476.0,-309.0
2047.0,-666.0
1984.0,-937.0
1989.0,-1063.0
2047.0,-1022.0
1869.0,-816.0
2047.0,-451.0
-258.0,8.0
-2048.0,425.0
-1972.0,622.0
-2048.0,522.0
-1760.0,147.0
1514.0,-377.0
2047.0,-884.0
1998.0,-1262.0
2023.0,-1434.0
2047.0,-1385.0
1908.0,-1144.0
2047.0,-635.0
-228.0,98.0
-2048.0,811.0
-1884.0,1150.0
-2048.0,867.0
-805.0,25.0
2047.0,-949.0
1880.0,-1501.0
2047.0,-1292.0
1411.0,-399.0
-1931.0,681.0
-2048.0,1353.0
-2048.0,1263.0
-2048.0,502.0
1248.0,-579.0
2047.0,-1515.0
2027.0,-2048.0
2047.0,-2048.0
2047.0,-2048.0
1926.0,-1819.0
2047.0,-931.0
302.0,-60.0
-2048.0,886.0
-2048.0,1520.0
-2048.0,1681.0
-2048.0,1252.0
-2036.0,504.0
425.0,-196.0
1654.0,-530.0
1412.0,-477.0
431.0,-207.0
-375.0,19.0
-589.0,59.0
-287.0,-41.0
113.0,-142.0
267.0,-177.0
153.0,-146.0
-21.0,-91.0
-72.0,-78.0
14.0,-114.0
123.0,-147.0
131.0,-142.0
65.0,-118.0
2.0,-101.0
-5.0,-92.0
38.0,-107.0
77.0,-127.0
74.0,-128.0
35.0,-108.0
3.0,-93.0
17.0,-92.0
56.0,-109.0
74.0,-126.0
46.0,-115.0
-10.0,-88.0
-49.0,-72.0
12.0,-90.0
150.0,-154.0
302.0,-217.0
259.0,-204.0
-42.0,-64.0
-510.0,125.0
-663.0,208.0
-285.0,13.0
990.0,-501.0
2044.0,-1294.0
2036.0,-2005.0
2047.0,-2048.0
2047.0,-2048.0
2047.0,-2048.0
2047.0,-2048.0
2047.0,-2048.0
2047.0,-2048.0
2047.0,-2048.0
2047.0,-2048.0
2047.0,-2048.0
2047.0,-2048.0
2047.0,-2048.0
2047.0,-2048.0
2036.0,-2048.0
2047.0,-2048.0
2018.0,-2048.0
2047.0,-2048.0
1970.0,-2048.0
2047.0,-2048.0
957.0,-660.0
-2048.0,1321.0
-2048.0,2024.0
-2048.0,1952.0
-2048.0,1997.0
-2048.0,1955.0
-2048.0,2018.0
-2048.0,1802.0
-400.0,71.0
2047.0,-1623.0
1949.0,-2048.0
2047.0,-2048.0
1966.0,-2048.0
2047.0,-2048.0
1919.0,-2048.0
2047.0,-1954.0
-476.0,603.0
-2048.0,2047.0
-1943.0,1825.0
-2048.0,2047.0
-540.0,338.0
2047.0,-2048.0
1853.0,-1926.0
2047.0,-2048.0
1096.0,-977.0
-2048.0,1923.0
-2048.0,1906.0
-2048.0,2047.0
-1817.0,1396.0
1652.0,-1631.0
2047.0,-2048.0
2022.0,-2048.0
2047.0,-2048.0
2043.0,-2048.0
2047.0,-2048.0
2047.0,-2048.0
2047.0,-2048.0
2047.0,-2048.0
2047.0,-2048.0
2047.0,-2048.0
2047.0,-2048.0
2047.0,-2048.0
2047.0,-2048.0
2047.0,-2048.0
2047.0,-2048.0
2047.0,-2048.0
2047.0,-2048.0
2047.0,-2048.0
2047.0,-2048.0
2047.0,-2048.0
2047.0,-2048.0
2047.0,-2048.0
2047.0,-2048.0
2047.0,-2048.0
2047.0,-2048.0
2047.0,-2048.0
2047.0,-2048.0
2047.0,-2048.0
2043.0,-2048.0
2047.0,-2048.0
2037.0,-2048.0
2047.0,-2048.0
2027.0,-2048.0
2047.0,-2048.0
2012.0,-2036.0
2047.0,-2048.0
1969.0,-1995.0
2047.0,-2048.0
739.0,-788.0
-2015.0,1807.0
-2048.0,1951.0
-2048.0,2036.0
-2048.0,1933.0
-2048.0,2047.0
-2048.0,1899.0
-2048.0,2047.0
-97.0,-23.0
2043.0,-2048.0
2003.0,-2004.0
2047.0,-2048.0
2019.0,-2031.0
2047.0,-2048.0
2026.0,-2041.0
2047.0,-2048.0
2027.0,-2042.0
2047.0,-2048.0
2023.0,-2037.0
2047.0,-2048.0
2009.0,-2017.0
2047.0,-2048.0
1964.0,-1960.0
2047.0,-2048.0
461.0,-571.0
-2048.0,2023.0
-2048.0,1918.0
-2048.0,2044.0
-2048.0,1948.0
-2048.0,2024.0
-2048.0,1959.0
-2048.0,2017.0
-2048.0,1961.0
-2048.0,2019.0
-2048.0,1953.0
-2048.0,2031.0
-2048.0,1932.0
-2048.0,2047.0
-2048.0,1871.0
-2048.0,2047.0
-516.0,428.0
1916.0,-2048.0
2027.0,-1985.0
2047.0,-2048.0
2029.0,-2023.0
2047.0,-2048.0
2034.0,-2037.0
2047.0,-2048.0
2035.0,-2039.0
2047.0,-2048.0
2032.0,-2031.0
2047.0,-2048.0
2023.0,-2010.0
2047.0,-2048.0
1995.0,-1945.0
2047.0,-2048.0
404.0,-580.0
-1953.0,2047.0
-2048.0,1898.0
-2048.0,2047.0
-2048.0,1939.0
-2048.0,2031.0
-2048.0,1954.0
-2048.0,2022.0
-2048.0,1957.0
-2048.0,2023.0
-2048.0,1949.0
-2048.0,2036.0
-2048.0,1926.0
-2048.0,2047.0
-2048.0,1859.0
-2048.0,2047.0
-438.0,538.0
1679.0,-2048.0
2047.0,-1971.0
2044.0,-2048.0
2047.0,-2017.0
2047.0,-2048.0
2047.0,-2033.0
2047.0,-2048.0
2047.0,-2036.0
2046.0,-2048.0
2047.0,-2028.0
2044.0,-2048.0
2047.0,-2006.0
2039.0,-2048.0
2047.0,-1937.0
1945.0,-2048.0
251.0,-712.0
-1612.0,2047.0
-2048.0,1890.0
-2048.0,2047.0
-2048.0,1936.0
-2048.0,2033.0
-2048.0,1952.0
-2048.0,2023.0
-2048.0,1956.0
-2048.0,2025.0
-2048.0,1948.0
-2048.0,2037.0
-2048.0,1925.0
-2048.0,2047.0
-2048.0,1857.0
-1950.0,2047.0
-324.0,689.0
1213.0,-2048.0
2047.0,-1972.0
2036.0,-2048.0
2047.0,-2017.0
2040.0,-2048.0
2047.0,-2033.0
2035.0,-2048.0
1857.0,-2035.0
1830.0,-2048.0
1912.0,-2027.0
2019.0,-2048.0
2047.0,-2004.0
2019.0,-2048.0
2047.0,-1934.0
1460.0,-2048.0
85.0,-783.0
-1137.0,2047.0
-2025.0,1885.0
-2048.0,2047.0
-2048.0,1934.0
-2048.0,2034.0
-1810.0,1947.0
-1763.0,2025.0
-1647.0,1949.0
-1583.0,2030.0
-1619.0,1937.0
-1847.0,2047.0
-2048.0,1906.0
-2048.0,2047.0
-1868.0,1816.0
-1142.0,2047.0
-1.0,130.0
1077.0,-2048.0
1553.0,-1934.0
1361.0,-2048.0
572.0,-1908.0
-572.0,1311.0
-1433.0,2047.0
-1915.0,1924.0
-2046.0,1998.0
-1828.0,2011.0
-1362.0,1906.0
-799.0,2047.0
-145.0,661.0
519.0,-2048.0
954.0,-1940.0
1318.0,-2048.0
1531.0,-1962.0
1565.0,-2048.0
1252.0,-1909.0
637.0,-2048.0
-284.0,208.0
-1076.0,2047.0
-1319.0,1718.0
-1042.0,2047.0
-256.0,867.0
690.0,-2048.0
1141.0,-1928.0
977.0,-2048.0
220.0,-1340.0
-766.0,2018.0
-1177.0,1873.0
-975.0,2047.0
-291.0,1265.0
544.0,-2048.0
880.0,-1943.0
720.0,-2048.0
116.0,-1295.0
-632.0,2045.0
-893.0,1859.0
-742.0,2047.0
-269.0,1342.0
298.0,-1968.0
476.0,-2048.0
397.0,-2048.0
143.0,-1927.0
-314.0,1447.0
-562.0,2047.0
-625.0,1935.0
-557.0,2011.0
-423.0,1975.0
-327.0,1982.0
-307.0,2000.0
-322.0,1955.0
-331.0,2034.0
-288.0,1900.0
-240.0,2047.0
-143.0,1062.0
18.0,-2048.0
-21.0,-1971.0
-74.0,-2048.0
-118.0,-1963.0
-118.0,-2048.0
-128.0,-1894.0
-53.0,-2048.0
-62.0,16.0
-35.0,2047.0
64.0,1810.0
20.0,2047.0
-96.0,1646.0
-171.0,-1625.0
-419.0,-2048.0
-586.0,-2021.0
-542.0,-2048.0
-425.0,-2048.0
-377.0,-2048.0
-470.0,-2048.0
-660.0,-2001.0
-787.0,-2048.0
-745.0,-1902.0
-390.0,-2048.0
-2.0,-129.0
335.0,2047.0
562.0,1840.0
422.0,2047.0
64.0,1792.0
-262.0,-1423.0
-674.0,-2048.0
-1012.0,-2022.0
-1170.0,-2048.0
-1154.0,-2048.0
-956.0,-1948.0
-461.0,-2048.0
52.0,333.0
533.0,2047.0
838.0,1831.0
700.0,2047.0
199.0,1743.0
-389.0,-1456.0
-1046.0,-2048.0
-1498.0,-2020.0
-1655.0,-2048.0
-1622.0,-2048.0
-1323.0,-1972.0
-634.0,-2048.0
170.0,344.0
964.0,2047.0
1400.0,1715.0
1002.0,2047.0
52.0,836.0
-967.0,-2048.0
-1654.0,-1901.0
-1362.0,-2048.0
-331.0,-1340.0
791.0,1873.0
1573.0,2035.0
1450.0,1919.0
513.0,2047.0
-553.0,-1178.0
-1537.0,-2048.0
-2025.0,-2008.0
-2002.0,-2048.0
-2048.0,-2048.0
-1893.0,-1950.0
-911.0,-2048.0
-18.0,-182.0
905.0,2047.0
1638.0,1824.0
1761.0,2047.0
1282.0,1910.0
459.0,1973.0
-180.0,-305.0
-471.0,-1571.0
-409.0,-1305.0
-162.0,-336.0
49.0,460.0
102.0,636.0
20.0,330.0
-87.0,-56.0
-127.0,-184.0
-104.0,-69.0
-56.0,98.0
-36.0,135.0
-65.0,47.0
-104.0,-55.0
-113.0,-65.0
-88.0,-9.0
-62.0,59.0
-60.0,91.0
-78.0,55.0
-90.0,-4.0
-89.0,-18.0
-70.0,28.0
-60.0,77.0
-68.0,65.0
-79.0,12.0
-78.0,-12.0
-63.0,20.0
-52.0,75.0
-49.0,117.0
-64.0,58.0
-122.0,-80.0
-178.0,-224.0
-161.0,-172.0
-29.0,119.0
140.0,545.0
221.0,706.0
34.0,349.0
-441.0,-865.0
-1219.0,-2033.0
-1956.0,-2048.0
-2025.0,-2048.0
-2019.0,-2048.0
-2020.0,-2048.0
-2022.0,-2048.0
-2021.0,-2048.0
-2021.0,-2048.0
-2020.0,-2048.0
-2021.0,-2048.0
-2019.0,-2048.0
-2021.0,-2048.0
-2017.0,-2048.0
-2020.0,-2048.0
-2013.0,-2038.0
-2022.0,-2048.0
-2008.0,-2018.0
-2026.0,-2048.0
-1997.0,-1967.0
-2038.0,-2048.0
-644.0,-790.0
1283.0,1983.0
1895.0,1916.0
1833.0,2047.0
1868.0,1917.0
1838.0,2047.0
1880.0,1876.0
1735.0,2047.0
101.0,448.0
-1543.0,-2048.0
-2048.0,-1978.0
-1998.0,-2048.0
-2026.0,-1990.0
-2007.0,-2048.0
-2027.0,-1957.0
-1890.0,-2048.0
614.0,624.0
2016.0,2047.0
1705.0,1755.0
2047.0,2047.0
374.0,529.0
-2048.0,-2048.0
-1862.0,-1852.0
-2048.0,-2048.0
-914.0,-935.0
1837.0,2047.0
1783.0,1909.0
1961.0,2047.0
1385.0,1668.0
-1542.0,-1563.0
-2048.0,-2048.0
-1983.0,-2009.0
-2033.0,-2048.0
-2003.0,-2038.0
-2024.0,-2048.0
-2008.0,-2048.0
-2019.0,-2048.0
-2008.0,-2048.0
-2015.0,-2048.0
-2009.0,-2048.0
-2013.0,-2048.0
-2012.0,-2048.0
-2013.0,-2048.0
-2012.0,-2048.0
-2012.0,-2048.0
-2010.0,-2048.0
-2010.0,-2048.0
-2009.0,-2048.0
-2009.0,-2048.0
-2009.0,-2048.0
-2008.0,-2048.0
-2008.0,-2048.0
-2008.0,-2048.0
-2011.0,-2048.0
-2008.0,-2048.0
-2011.0,-2048.0
-2005.0,-2048.0
-2012.0,-2048.0
-2002.0,-2048.0
-2016.0,-2048.0
-1996.0,-2043.0
-2019.0,-2048.0
-1987.0,-2035.0
-2028.0,-2048.0
-1972.0,-2021.0
-2048.0,-2048.0
-1931.0,-1984.0
-2048.0,-2048.0
-746.0,-576.0
1746.0,1851.0
1815.0,1971.0
1915.0,2044.0
1802.0,1960.0
1931.0,2047.0
1765.0,1939.0
2014.0,2047.0
34.0,182.0
-2048.0,-1961.0
-1941.0,-2031.0
-2048.0,-2048.0
-1968.0,-2033.0
-2036.0,-2048.0
-1978.0,-2038.0
-2030.0,-2048.0
-1978.0,-2038.0
-2035.0,-2048.0
-1972.0,-2036.0
-2046.0,-2048.0
-1953.0,-2025.0
-2048.0,-2048.0
-1894.0,-1994.0
-2048.0,-2048.0
-521.0,-338.0
1941.0,1885.0
1782.0,1986.0
1922.0,2028.0
1817.0,1987.0
1899.0,2021.0
1831.0,1992.0
1891.0,2018.0
1833.0,1993.0
1892.0,2018.0
1826.0,1990.0
1903.0,2022.0
1806.0,1981.0
1935.0,2036.0
1746.0,1953.0
2047.0,2047.0
492.0,558.0
-2048.0,-1726.0
-1925.0,-2048.0
-2048.0,-2048.0
-1960.0,-2048.0
-2043.0,-2048.0
-1973.0,-2048.0
-2036.0,-2048.0
-1975.0,-2048.0
-2038.0,-2048.0
-1966.0,-2048.0
-2048.0,-2048.0
-1943.0,-2048.0
-2048.0,-2048.0
-1876.0,-2048.0
-2048.0,-1997.0
-563.0,-228.0
2002.0,1676.0
1761.0,2036.0
1934.0,1997.0
1808.0,2010.0
1905.0,2004.0
1825.0,2007.0
1895.0,2005.0
1828.0,2005.0
1896.0,2005.0
1821.0,2004.0
1908.0,2006.0
1800.0,2002.0
1943.0,2007.0
1734.0,1999.0
2047.0,1984.0
577.0,461.0
-2048.0,-1392.0
-1911.0,-2048.0
-2048.0,-2042.0
-1954.0,-2048.0
-2047.0,-2048.0
-1968.0,-2048.0
-2038.0,-2047.0
-1970.0,-2048.0
-2040.0,-2043.0
-1961.0,-2048.0
-2048.0,-2035.0
-1937.0,-2048.0
-2048.0,-2014.0
-1864.0,-2048.0
-2048.0,-1676.0
-660.0,-88.0
2043.0,1368.0
1751.0,2047.0
1939.0,1976.0
1803.0,2027.0
1908.0,1989.0
1822.0,2018.0
1897.0,1993.0
1826.0,2016.0
1897.0,1993.0
1819.0,2016.0
1909.0,1989.0
1797.0,2023.0
1944.0,1973.0
1729.0,2047.0
2047.0,1603.0
751.0,259.0
-2048.0,-847.0
-1924.0,-1816.0
-2048.0,-2044.0
-1952.0,-2048.0
-2048.0,-1924.0
-1996.0,-1509.0
-2048.0,-1389.0
-2007.0,-1316.0
-2048.0,-1343.0
-1994.0,-1390.0
-2048.0,-1547.0
-1951.0,-1736.0
-2048.0,-1818.0
-1885.0,-1596.0
-2048.0,-950.0
-736.0,-3.0
2047.0,943.0
1767.0,1608.0
1947.0,1890.0
1810.0,1821.0
1928.0,1606.0
1845.0,1453.0
1931.0,1357.0
1856.0,1279.0
1941.0,1241.0
1844.0,1298.0
1948.0,1445.0
1799.0,1594.0
1990.0,1632.0
1721.0,1399.0
2047.0,837.0
219.0,57.0
-2048.0,-676.0
-1917.0,-1025.0
-2048.0,-841.0
-1902.0,-252.0
1303.0,506.0
2032.0,1172.0
1825.0,1520.0
1891.0,1525.0
1919.0,1303.0
1832.0,961.0
2047.0,579.0
714.0,183.0
-2048.0,-180.0
-1961.0,-501.0
-2048.0,-778.0
-1956.0,-905.0
-2048.0,-822.0
-1916.0,-590.0
-2048.0,-214.0
228.0,241.0
2047.0,597.0
1661.0,737.0
2047.0,595.0
911.0,203.0
-2048.0,-217.0
-1949.0,-422.0
-2048.0,-308.0
-1345.0,53.0
1993.0,403.0
1818.0,563.0
2047.0,496.0
1292.0,222.0
-2048.0,-81.0
-1981.0,-235.0
-2048.0,-138.0
-1316.0,94.0
2019.0,293.0
1815.0,350.0
2047.0,264.0
1361.0,146.0
-1967.0,51.0
-2048.0,41.0
-2048.0,105.0
-1947.0,144.0
1466.0,104.0
2047.0,17.0
1920.0,-29.0
1980.0,-17.0
1951.0,32.0
1952.0,41.0
1977.0,-26.0
1936.0,-126.0
2016.0,-187.0
1886.0,-172.0
2047.0,-67.0
1082.0,108.0
-2048.0,300.0
-2041.0,500.0
-2048.0,692.0
-2046.0,819.0
-2048.0,812.0
-1968.0,693.0
-2048.0,452.0
41.0,105.0
2047.0,-237.0
1812.0,-459.0
2047.0,-421.0
1657.0,-72.0
-1641.0,434.0
-2048.0,894.0
-2048.0,1162.0
-2048.0,1138.0
-2048.0,920.0
-2048.0,752.0
-2048.0,801.0
-2048.0,1059.0
-2048.0,1291.0
-2003.0,1243.0
-2048.0,783.0
-88.0,57.0
2047.0,-613.0
1862.0,-930.0
2047.0,-762.0
1793.0,-208.0
-1447.0,509.0
-2048.0,1208.0
-2048.0,1717.0
-2048.0,1964.0
-2048.0,1905.0
-2048.0,1490.0
-2048.0,790.0
352.0,-86.0
2047.0,-873.0
1875.0,-1251.0
2047.0,-1070.0
1755.0,-346.0
-1489.0,629.0
-2048.0,1586.0
-2048.0,2002.0
-2048.0,1998.0
-2048.0,1991.0
-2048.0,2004.0
-2048.0,1080.0
357.0,-204.0
2047.0,-1291.0
1794.0,-1851.0
2047.0,-1336.0
861.0,-62.0
-2048.0,1484.0
-2044.0,2015.0
-2048.0,1981.0
-1345.0,624.0
1935.0,-1101.0
2047.0,-2012.0
1996.0,-1936.0
2047.0,-717.0
-1210.0,833.0
-2048.0,1971.0
-2048.0,1969.0
-2048.0,2033.0
-2048.0,1947.0
-2048.0,2047.0
-2048.0,1386.0
-167.0,0.0
2047.0,-1231.0
1902.0,-2007.0
2047.0,-2048.0
1975.0,-1779.0
1984.0,-588.0
-282.0,241.0
-1533.0,729.0
-1270.0,628.0
-325.0,303.0
469.0,-25.0
667.0,-96.0
379.0,19.0
-9.0,176.0
-150.0,228.0
-40.0,187.0
135.0,116.0
171.0,107.0
78.0,158.0
-22.0,208.0
-27.0,201.0
28.0,159.0
88.0,119.0
111.0,103.0
71.0,125.0
23.0,157.0
16.0,169.0
68.0,152.0
107.0,129.0
89.0,135.0
41.0,152.0
15.0,150.0
54.0,129.0
108.0,98.0
141.0,99.0
85.0,132.0
-47.0,207.0
-191.0,270.0
-147.0,251.0
149.0,89.0
599.0,-108.0
764.0,-220.0
372.0,4.0
-849.0,585.0
-2048.0,1545.0
-2048.0,2029.0
-2048.0,1977.0
-2048.0,2006.0
-2048.0,1986.0
-2048.0,2002.0
-2048.0,1991.0
-2048.0,2000.0
-2048.0,1991.0
-2048.0,1999.0
-2048.0,1990.0
-2048.0,2000.0
-2048.0,1987.0
-2048.0,2001.0
-2048.0,1981.0
-2048.0,2005.0
-2048.0,1972.0
-2048.0,2018.0
-2048.0,1944.0
-2048.0,2047.0
-803.0,832.0
2030.0,-1500.0
2000.0,-2048.0
2047.0,-2048.0
2001.0,-2048.0
2047.0,-2048.0
1964.0,-2048.0
2047.0,-1933.0
488.0,-23.0
-2048.0,1755.0
-2048.0,2009.0
-2048.0,1995.0
-2048.0,1981.0
-2048.0,2008.0
-2048.0,1963.0
-2048.0,1982.0
785.0,-631.0
2047.0,-2048.0
1844.0,-1871.0
2047.0,-2048.0
561.0,-311.0
-2048.0,2047.0
-1981.0,1821.0
-2048.0,2047.0
-949.0,982.0
2047.0,-2028.0
1981.0,-1982.0
2047.0,-2048.0
1730.0,-1456.0
-1644.0,1667.0
-2048.0,2025.0
-2048.0,1978.0
-2048.0,1996.0
-2048.0,1988.0
-2048.0,1993.0
-2048.0,1989.0
-2048.0,1992.0
-2048.0,1987.0
-2048.0,1990.0
-2048.0,1987.0
-2048.0,1989.0
-2048.0,1989.0
-2048.0,1990.0
-2048.0,1989.0
-2048.0,1989.0
-2048.0,1987.0
-2048.0,1986.0
-2048.0,1986.0
-2048.0,1986.0
-2048.0,1986.0
-2048.0,1985.0
-2048.0,1985.0
-2048.0,1985.0
-2048.0,1988.0
-2048.0,1985.0
-2048.0,1988.0
-2048.0,1983.0
-2048.0,1990.0
-2048.0,1979.0
-2048.0,1994.0
-2048.0,1973.0
-2048.0,1997.0
-2048.0,1963.0
-2048.0,2007.0
-2048.0,1948.0
-2048.0,2029.0
-2048.0,1905.0
-2048.0,2047.0
-591.0,844.0
1912.0,-1918.0
2047.0,-2031.0
2047.0,-2048.0
2042.0,-2012.0
2047.0,-2048.0
2020.0,-1973.0
2047.0,-2048.0
255.0,65.0
-2027.0,2047.0
-2048.0,1901.0
-2048.0,2043.0
-2048.0,1939.0
-2048.0,2020.0
-2048.0,1952.0
-2048.0,2012.0
-2048.0,1954.0
-2048.0,2016.0
-2048.0,1949.0
-2048.0,2027.0
-2048.0,1929.0
-2048.0,2047.0
-2048.0,1869.0
-2048.0,2047.0
-298.0,628.0
1963.0,-2048.0
2047.0,-1999.0
2047.0,-2048.0
2047.0,-2031.0
2047.0,-2048.0
2047.0,-2043.0
2047.0,-2048.0
2047.0,-2044.0
2047.0,-2048.0
2047.0,-2035.0
2047.0,-2048.0
2047.0,-2013.0
2047.0,-2048.0
2032.0,-1947.0
2047.0,-2048.0
654.0,-431.0
-1742.0,2047.0
-2048.0,1885.0
-2048.0,2047.0
-2048.0,1932.0
-2048.0,2029.0
-2048.0,1949.0
-2048.0,2019.0
-2048.0,1952.0
-2048.0,2019.0
-2048.0,1946.0
-2048.0,2031.0
-2048.0,1925.0
-2048.0,2047.0
-2048.0,1861.0
-2048.0,2047.0
-192.0,725.0
1752.0,-2048.0
2047.0,-1989.0
2047.0,-2048.0
2047.0,-2026.0
2047.0,-2048.0
2047.0,-2040.0
2047.0,-2048.0
2047.0,-2041.0
2047.0,-2048.0
2047.0,-2032.0
2047.0,-2048.0
2047.0,-2007.0
2047.0,-2048.0
2047.0,-1935.0
2046.0,-2048.0
481.0,-566.0
-1316.0,2047.0
-2048.0,1873.0
-2048.0,2047.0
-2048.0,1927.0
-2048.0,2033.0
-2048.0,1946.0
-2048.0,2021.0
-2048.0,1951.0
-2048.0,2020.0
-2048.0,1945.0
-2048.0,2031.0
-2048.0,1925.0
-2048.0,2047.0
-2048.0,1862.0
-1534.0,2047.0
-35.0,854.0
1393.0,-2048.0
2047.0,-1990.0
2047.0,-2048.0
2047.0,-2027.0
2047.0,-2048.0
2047.0,-2040.0
2047.0,-2048.0
2047.0,-2041.0
2047.0,-2048.0
2047.0,-2031.0
2047.0,-2048.0
2047.0,-2006.0
2047.0,-2048.0
2047.0,-1934.0
1613.0,-2048.0
328.0,-705.0
-827.0,2047.0
-1649.0,1874.0
-1971.0,2047.0
-1939.0,1928.0
-1724.0,2032.0
-1525.0,1947.0
-1377.0,2021.0
-1293.0,1951.0
-1284.0,2021.0
-1344.0,1945.0
-1464.0,2031.0
-1647.0,1925.0
-1731.0,2047.0
-1477.0,1862.0
-887.0,2047.0
2.0,911.0
974.0,-2048.0
1558.0,-1988.0
1797.0,-2048.0
1734.0,-2026.0
1562.0,-2048.0
1407.0,-2036.0
1325.0,-2048.0
1283.0,-2034.0
1294.0,-2048.0
1316.0,-2020.0
1436.0,-2048.0
1593.0,-1987.0
1634.0,-2048.0
1399.0,-1893.0
927.0,-2048.0
123.0,-119.0
-636.0,2047.0
-910.0,1862.0
-769.0,2040.0
-273.0,1906.0
495.0,-1267.0
1055.0,-2048.0
1324.0,-1992.0
1383.0,-2048.0
1228.0,-2048.0
928.0,-1991.0
618.0,-2048.0
229.0,-648.0
-195.0,2047.0
-431.0,1842.0
-633.0,2047.0
-702.0,1870.0
-645.0,2047.0
-433.0,1817.0
-175.0,2047.0
279.0,-215.0
636.0,-2048.0
666.0,-1791.0
582.0,-2048.0
272.0,-885.0
-123.0,2047.0
-223.0,1848.0
-160.0,2047.0
57.0,1315.0
388.0,-2048.0
461.0,-1959.0
419.0,-2048.0
278.0,-1305.0
75.0,2047.0
97.0,1860.0
102.0,2047.0
129.0,1266.0
248.0,-2048.0
190.0,-1943.0
193.0,-2048.0
220.0,-1365.0
228.0,1918.0
363.0,1973.0
336.0,1991.0
181.0,1881.0
134.0,-1488.0
-22.0,-2048.0
-155.0,-2009.0
-147.0,-2048.0
-76.0,-2048.0
-34.0,-2048.0
-69.0,-2048.0
-167.0,-2036.0
-248.0,-2048.0
-247.0,-1973.0
-71.0,-2048.0
162.0,-1002.0
350.0,2047.0
655.0,1869.0
838.0,2047.0
939.0,1874.0
934.0,2047.0
842.0,1808.0
490.0,2047.0
115.0,-4.0
-234.0,-2048.0
-524.0,-1881.0
-439.0,-2048.0
-27.0,-1648.0
455.0,1618.0
993.0,2047.0
1250.0,1951.0
1187.0,1998.0
1000.0,1988.0
869.0,1961.0
966.0,2024.0
1261.0,1919.0
1504.0,2047.0
1417.0,1823.0
820.0,2047.0
58.0,159.0
-595.0,-2048.0
-960.0,-1910.0
-746.0,-2048.0
-153.0,-1777.0
522.0,1439.0
1236.0,2047.0
1789.0,1955.0
1874.0,1966.0
1893.0,2044.0
1757.0,1860.0
789.0,2047.0
-44.0,-323.0
-850.0,-2048.0
-1260.0,-1899.0
-1042.0,-2048.0
-260.0,-1724.0
617.0,1468.0
1603.0,2047.0
1887.0,1954.0
1884.0,1979.0
1846.0,2025.0
1938.0,1881.0
1123.0,2047.0
-210.0,-336.0
-1224.0,-2048.0
-1861.0,-1787.0
-1260.0,-2048.0
-27.0,-781.0
1479.0,2047.0
1883.0,1817.0
1921.0,2047.0
725.0,1298.0
-1074.0,-1942.0
-1929.0,-2048.0
-1972.0,-2023.0
-673.0,-2048.0
861.0,1232.0
1879.0,2047.0
1842.0,1944.0
1911.0,1970.0
1822.0,2042.0
1964.0,1861.0
1465.0,2047.0
33.0,172.0
-1178.0,-2048.0
-1982.0,-1928.0
-2014.0,-2048.0
-1817.0,-2029.0
-538.0,-1940.0
269.0,378.0
706.0,1499.0
608.0,1284.0
291.0,344.0
6.0,-407.0
-43.0,-601.0
64.0,-304.0
200.0,53.0
245.0,191.0
207.0,94.0
145.0,-70.0
136.0,-109.0
177.0,-17.0
211.0,87.0
211.0,98.0
185.0,25.0
154.0,-49.0
141.0,-55.0
156.0,-9.0
180.0,30.0
187.0,32.0
168.0,-6.0
156.0,-47.0
160.0,-30.0
174.0,18.0
189.0,40.0
185.0,-4.0
157.0,-63.0
134.0,-91.0
149.0,-33.0
229.0,100.0
294.0,238.0
284.0,189.0
134.0,-89.0
-69.0,-513.0
-179.0,-661.0
47.0,-305.0
596.0,869.0
1516.0,1968.0
1910.0,1970.0
1852.0,1991.0
1883.0,1974.0
1862.0,1986.0
1879.0,1980.0
1867.0,1984.0
1876.0,1982.0
1867.0,1980.0
1876.0,1985.0
1866.0,1975.0
1876.0,1990.0
1863.0,1968.0
1877.0,1994.0
1858.0,1958.0
1881.0,2005.0
1848.0,1940.0
1894.0,2028.0
1821.0,1894.0
1964.0,2047.0
848.0,790.0
-1422.0,-1961.0
-2030.0,-2027.0
-1989.0,-2048.0
-2005.0,-2018.0
-1992.0,-2048.0
-2020.0,-1986.0
-1869.0,-2048.0
-2.0,-287.0
1665.0,1986.0
1879.0,1912.0
1875.0,2040.0
1853.0,1919.0
1888.0,2042.0
1832.0,1891.0
1887.0,2047.0
-558.0,-721.0
-2048.0,-2048.0
-1810.0,-1842.0
-2048.0,-2048.0
-263.0,-461.0
2047.0,2047.0
1709.0,1776.0
2047.0,2047.0
980.0,895.0
-1943.0,-2048.0
-1927.0,-1987.0
-2048.0,-2048.0
-1398.0,-1622.0
1604.0,1564.0
1888.0,2043.0
1861.0,1946.0
1867.0,1996.0
1867.0,1965.0
1867.0,1987.0
1867.0,1971.0
1866.0,1982.0
1864.0,1970.0
1865.0,1979.0
1863.0,1972.0
1864.0,1977.0
1865.0,1975.0
1865.0,1977.0
1865.0,1975.0
1865.0,1976.0
1862.0,1973.0
1862.0,1973.0
1862.0,1973.0
1862.0,1973.0
1861.0,1972.0
1861.0,1972.0
1861.0,1972.0
1861.0,1972.0
1863.0,1974.0
1861.0,1972.0
1864.0,1974.0
1859.0,1971.0
1866.0,1975.0
1855.0,1968.0
1869.0,1977.0
1849.0,1963.0
1872.0,1979.0
1840.0,1956.0
1881.0,1986.0
1826.0,1945.0
1902.0,2001.0
1785.0,1915.0
2007.0,2047.0
869.0,560.0
-1833.0,-1787.0
-1969.0,-2048.0
-2048.0,-2048.0
-1947.0,-2048.0
-2048.0,-2048.0
-1905.0,-2048.0
-2048.0,-2048.0
63.0,-134.0
2000.0,1801.0
1770.0,1972.0
1921.0,1978.0
1812.0,1962.0
1897.0,1978.0
1826.0,1963.0
1888.0,1977.0
1829.0,1962.0
1891.0,1981.0
1824.0,1960.0
1902.0,1985.0
1805.0,1952.0
1932.0,1997.0
1746.0,1930.0
2047.0,2032.0
651.0,338.0
-2048.0,-1818.0
-1935.0,-2048.0
-2048.0,-2048.0
-1965.0,-2048.0
-2042.0,-2048.0
-1977.0,-2048.0
-2036.0,-2048.0
-1977.0,-2048.0
-2039.0,-2048.0
-1968.0,-2048.0
-2048.0,-2048.0
-1944.0,-2048.0
-2048.0,-2048.0
-1877.0,-2048.0
-2048.0,-2048.0
-391.0,-470.0
2039.0,1553.0
1750.0,2005.0
1937.0,1964.0
1803.0,1977.0
1906.0,1970.0
1821.0,1975.0
1894.0,1970.0
1826.0,1975.0
1894.0,1968.0
1820.0,1976.0
1905.0,1965.0
1800.0,1979.0
1938.0,1958.0
1737.0,1996.0
2047.0,1845.0
761.0,198.0
-2048.0,-1539.0
-1923.0,-2048.0
-2048.0,-2048.0
-1960.0,-2048.0
-2045.0,-2048.0
-1973.0,-2048.0
-2038.0,-2048.0
-1973.0,-2048.0
-2042.0,-2048.0
-1963.0,-2048.0
-2048.0,-2048.0
-1937.0,-2048.0
-2048.0,-2048.0
-1862.0,-2048.0
-2048.0,-1799.0
-541.0,-280.0
2047.0,1074.0
1745.0,1956.0
1941.0,1956.0
1799.0,1992.0
1908.0,1950.0
1818.0,2007.0
1903.0,1816.0
1839.0,1697.0
1905.0,1749.0
1826.0,1849.0
1904.0,1961.0
1800.0,1985.0
1935.0,1946.0
1738.0,2023.0
2047.0,1278.0
906.0,37.0
-2048.0,-1068.0
-1938.0,-1934.0
-2048.0,-2048.0
-1962.0,-2048.0
-2040.0,-2048.0
-1983.0,-1888.0
-2048.0,-1620.0
-1997.0,-1630.0
-2048.0,-1620.0
-1983.0,-1681.0
-2048.0,-1810.0
-1941.0,-1992.0
-2048.0,-2018.0
-1878.0,-1769.0
-2048.0,-1140.0
-651.0,-246.0
2047.0,670.0
1774.0,1355.0
1955.0,1685.0
1816.0,1630.0
1937.0,1385.0
1861.0,1163.0
1942.0,1050.0
1874.0,1014.0
1944.0,996.0
1869.0,1022.0
1947.0,1126.0
1836.0,1275.0
1968.0,1317.0
1784.0,1131.0
2047.0,678.0
947.0,25.0
-2048.0,-623.0
-1979.0,-1091.0
-2048.0,-1307.0
-2001.0,-1287.0
-2048.0,-1165.0
-2020.0,-1067.0
-2048.0,-967.0
-2029.0,-870.0
-2048.0,-858.0
-2012.0,-905.0
-2048.0,-994.0
-1968.0,-1086.0
-2048.0,-1078.0
-1883.0,-925.0
-2048.0,-569.0
-97.0,-66.0
2047.0,395.0
1811.0,617.0
1980.0,506.0
1901.0,141.0
-1254.0,-278.0
-2048.0,-638.0
-1980.0,-868.0
-2048.0,-886.0
-2048.0,-730.0
-2003.0,-511.0
-2048.0,-310.0
-616.0,-123.0
2047.0,72.0
1801.0,223.0
2047.0,278.0
1831.0,253.0
2047.0,191.0
1787.0,107.0
2047.0,-5.0
-147.0,-125.0
-2048.0,-179.0
-1812.0,-163.0
-2048.0,-128.0
-841.0,-102.0
2047.0,-75.0
1828.0,-64.0
2047.0,-81.0
1358.0,-87.0
-2048.0,-34.0
-2012.0,34.0
-2048.0,22.0
-1316.0,-96.0
2047.0,-260.0
1854.0,-354.0
2047.0,-314.0
1310.0,-156.0
-2048.0,66.0
-2003.0,261.0
-2048.0,274.0
-1369.0,-7.0
1939.0,-427.0
1980.0,-680.0
1993.0,-626.0
1904.0,-301.0
-1454.0,158.0
-2048.0,551.0
-2048.0,743.0
-2048.0,715.0
-2048.0,581.0
-2048.0,511.0
-2048.0,557.0
-2048.0,676.0
-2048.0,802.0
-2044.0,752.0
-2048.0,446.0
-936.0,-19.0
2047.0,-522.0
1884.0,-946.0
2047.0,-1279.0
1922.0,-1483.0
2047.0,-1508.0
1848.0,-1265.0
2047.0,-711.0
27.0,11.0
-2048.0,651.0
-1964.0,1002.0
-2048.0,881.0
-1646.0,262.0
1668.0,-601.0
2047.0,-1338.0
2021.0,-1671.0
2047.0,-1586.0
2033.0,-1286.0
1990.0,-1091.0
2047.0,-1212.0
1975.0,-1577.0
2047.0,-1856.0
1889.0,-1717.0
2047.0,-1024.0
190.0,21.0
-2048.0,986.0
-2017.0,1434.0
-2048.0,1191.0
-1793.0,395.0
1498.0,-615.0
2047.0,-1544.0
2045.0,-2048.0
2044.0,-2048.0
2047.0,-2048.0
1935.0,-2005.0
2047.0,-960.0
-301.0,185.0
-2048.0,1168.0
-2010.0,1635.0
-2048.0,1394.0
-1743.0,508.0
1508.0,-683.0
2047.0,-1777.0
2031.0,-2048.0
2047.0,-2048.0
2047.0,-2048.0
2003.0,-1934.0
2047.0,-921.0
-656.0,241.0
-2048.0,1369.0
-1958.0,1869.0
-2048.0,1412.0
-438.0,101.0
2047.0,-1384.0
1873.0,-2048.0
2047.0,-1890.0
977.0,-497.0
-2048.0,1077.0
-2048.0,1944.0
-2048.0,1903.0
-1816.0,762.0
1460.0,-711.0
2047.0,-1903.0
2047.0,-2048.0
2047.0,-2048.0
2047.0,-2048.0
1990.0,-2048.0
2047.0,-1223.0
-211.0,28.0
-2048.0,1196.0
-2048.0,1916.0
-2048.0,2023.0
-2048.0,1688.0
-1708.0,598.0
377.0,-166.0
1149.0,-615.0
1053.0,-518.0
298.0,-220.0
-269.0,76.0
-450.0,143.0
-209.0,51.0
72.0,-91.0
193.0,-146.0
106.0,-118.0
-10.0,-50.0
-43.0,-29.0
27.0,-64.0
99.0,-101.0
101.0,-106.0
52.0,-88.0
1.0,-60.0
-10.0,-51.0
23.0,-70.0
63.0,-94.0
59.0,-101.0
18.0,-82.0
-9.0,-67.0
0.0,-68.0
38.0,-82.0
61.0,-91.0
29.0,-82.0
-21.0,-57.0
-37.0,-35.0
6.0,-55.0
109.0,-127.0
208.0,-193.0
179.0,-179.0
-46.0,-30.0
-354.0,161.0
-493.0,256.0
-193.0,50.0
654.0,-484.0
1816.0,-1355.0
2047.0,-2048.0
2047.0,-2048.0
2047.0,-2048.0
2047.0,-2048.0
2047.0,-2048.0
2047.0,-2048.0
2047.0,-2048.0
2047.0,-2048.0
2047.0,-2048.0
2047.0,-2048.0
2047.0,-2048.0
2047.0,-2048.0
2047.0,-2048.0
2047.0,-2048.0
2047.0,-2048.0
2035.0,-2048.0
2047.0,-2048.0
2002.0,-2048.0
2047.0,-2048.0
779.0,-617.0
-1769.0,1315.0
-2048.0,2021.0
-2048.0,1956.0
-2048.0,2002.0
-2048.0,1956.0
-2048.0,2026.0
-2048.0,1790.0
-183.0,95.0
1773.0,-1560.0
2047.0,-2048.0
2047.0,-2048.0
2047.0,-2048.0
2047.0,-2048.0
2043.0,-2048.0
2000.0,-1915.0
-741.0,618.0
-2048.0,2047.0
-2037.0,1842.0
-2048.0,2047.0
-460.0,385.0
2047.0,-2048.0
1899.0,-1935.0
2047.0,-2048.0
944.0,-932.0
-2048.0,1893.0
-2048.0,1917.0
-2048.0,2047.0
-1605.0,1409.0
1551.0,-1565.0
2047.0,-2048.0
2034.0,-2047.0
2047.0,-2048.0
2047.0,-2048.0
2047.0,-2048.0
2047.0,-2048.0
2047.0,-2048.0
2047.0,-2048.0
2047.0,-2048.0
2047.0,-2048.0
2047.0,-2048.0
2047.0,-2048.0
2047.0,-2048.0
2047.0,-2048.0
2047.0,-2048.0
2047.0,-2048.0
2047.0,-2048.0
2047.0,-2048.0
2047.0,-2048.0
2047.0,-2048.0
2047.0,-2048.0
2047.0,-2048.0
2047.0,-2048.0
2047.0,-2048.0
2047.0,-2048.0
2047.0,-2048.0
2047.0,-2048.0
2047.0,-2048.0
2047.0,-2048.0
2047.0,-2048.0
2047.0,-2048.0
2047.0,-2048.0
2045.0,-2048.0
2047.0,-2048.0
2041.0,-2037.0
2047.0,-2048.0
2034.0,-2004.0
2044.0,-2048.0
485.0,-719.0
-1440.0,1730.0
-2048.0,1977.0
-2048.0,2021.0
-2048.0,1956.0
-2048.0,2033.0
-2048.0,1935.0
-1901.0,2047.0
-40.0,33.0
1585.0,-2013.0
2047.0,-2036.0
2020.0,-2048.0
2047.0,-2043.0
2035.0,-2048.0
2047.0,-2047.0
2040.0,-2048.0
2047.0,-2046.0
2044.0,-2048.0
2047.0,-2041.0
2043.0,-2048.0
2047.0,-2024.0
2038.0,-2048.0
2047.0,-1978.0
1933.0,-2048.0
277.0,-508.0
-1466.0,1953.0
-2048.0,1947.0
-2048.0,2032.0
-2048.0,1962.0
-2048.0,2019.0
-2048.0,1970.0
-2048.0,2014.0
-2048.0,1971.0
-2048.0,2016.0
-2048.0,1964.0
-2048.0,2025.0
-2048.0,1948.0
-2048.0,2047.0
-2048.0,1898.0
-1864.0,2047.0
-254.0,457.0
1252.0,-2047.0
2047.0,-2014.0
2030.0,-2048.0
2047.0,-2033.0
2038.0,-2048.0
2047.0,-2042.0
2036.0,-2048.0
1897.0,-2043.0
1904.0,-2048.0
2027.0,-2036.0
2039.0,-2048.0
2047.0,-2019.0
2017.0,-2048.0
2047.0,-1966.0
1555.0,-2048.0
147.0,-515.0
-1101.0,2001.0
-2027.0,1933.0
-2048.0,2041.0
-2048.0,1956.0
-2048.0,2024.0
-2008.0,1966.0
-1752.0,2017.0
-1752.0,1968.0
-1723.0,2019.0
-1804.0,1962.0
-1963.0,2029.0
-2048.0,1943.0
-2048.0,2047.0
-1929.0,1890.0
-1286.0,2047.0
-225.0,472.0
930.0,-2048.0
1694.0,-2004.0
2029.0,-2048.0
1961.0,-2029.0
1738.0,-2048.0
1524.0,-2039.0
1414.0,-2048.0
1381.0,-2041.0
1386.0,-2048.0
1430.0,-2034.0
1556.0,-2048.0
1716.0,-2016.0
1775.0,-2048.0
1546.0,-1961.0
1000.0,-2048.0
110.0,-509.0
-843.0,2023.0
-1440.0,1926.0
-1691.0,2046.0
-1629.0,1953.0
-1454.0,2026.0
-1295.0,1965.0
-1193.0,2019.0
-1153.0,1966.0
-1152.0,2021.0
-1183.0,1960.0
-1265.0,2031.0
-1346.0,1941.0
-1388.0,2047.0
-1233.0,1884.0
-838.0,2047.0
-176.0,496.0
543.0,-2048.0
970.0,-1997.0
1162.0,-2048.0
1140.0,-2026.0
1012.0,-2048.0
872.0,-2037.0
793.0,-2048.0
783.0,-2039.0
807.0,-2048.0
819.0,-2032.0
854.0,-2048.0
900.0,-2012.0
921.0,-2048.0
811.0,-1954.0
549.0,-2048.0
43.0,-480.0
-494.0,2047.0
-770.0,1915.0
-877.0,2047.0
-824.0,1949.0
-736.0,2027.0
-653.0,1960.0
-603.0,2019.0
-575.0,1963.0
-543.0,2021.0
-504.0,1956.0
-552.0,2032.0
-637.0,1936.0
-657.0,2047.0
-558.0,1876.0
-390.0,2047.0
-39.0,-281.0
247.0,-2048.0
315.0,-1931.0
295.0,-2048.0
138.0,-1692.0
-169.0,1403.0
-323.0,2047.0
-362.0,1949.0
-363.0,1995.0
-356.0,2007.0
-292.0,1936.0
-213.0,2047.0
-70.0,247.0
67.0,-2048.0
67.0,-1999.0
57.0,-2048.0
21.0,-2006.0
-8.0,-2048.0
-35.0,-1983.0
-3.0,-2048.0
-75.0,687.0
-55.0,2047.0
32.0,1758.0
-40.0,2047.0
-82.0,506.0
-100.0,-2048.0
-214.0,-1865.0
-147.0,-2048.0
-50.0,-910.0
23.0,2047.0
206.0,1815.0
162.0,2047.0
-19.0,951.0
-193.0,-2048.0
-452.0,-1883.0
-377.0,-2048.0
-108.0,-885.0
147.0,2047.0
398.0,1799.0
289.0,2047.0
-2.0,975.0
-303.0,-2048.0
-622.0,-1955.0
-554.0,-2048.0
-198.0,-1510.0
141.0,1728.0
535.0,2018.0
714.0,1985.0
656.0,1983.0
498.0,2000.0
436.0,1971.0
546.0,2014.0
730.0,1952.0
810.0,2040.0
704.0,1905.0
379.0,2047.0
6.0,636.0
-338.0,-1998.0
-736.0,-2006.0
-1029.0,-2048.0
-1227.0,-2003.0
-1221.0,-2048.0
-994.0,-1976.0
-492.0,-2048.0
41.0,534.0
577.0,2047.0
931.0,1837.0
801.0,2047.0
247.0,1425.0
-437.0,-1686.0
-1145.0,-2048.0
-1507.0,-2044.0
-1422.0,-2048.0
-1104.0,-2048.0
-895.0,-2048.0
-1001.0,-2048.0
-1358.0,-2023.0
-1633.0,-2048.0
-1509.0,-1965.0
-826.0,-2048.0
51.0,435.0
863.0,2047.0
1310.0,1844.0
1065.0,2047.0
366.0,1533.0
-445.0,-1443.0
-1259.0,-2048.0
-1902.0,-2022.0
-2002.0,-2048.0
-2048.0,-2048.0
-1797.0,-2041.0
-714.0,-2043.0
167.0,807.0
1051.0,2047.0
1440.0,1878.0
1213.0,2047.0
416.0,1569.0
-512.0,-1421.0
-1551.0,-2048.0
-2030.0,-2019.0
-2014.0,-2048.0
-2016.0,-2048.0
-2010.0,-2048.0
-967.0,-2007.0
288.0,872.0
1368.0,2047.0
1942.0,1789.0
1409.0,2047.0
115.0,485.0
-1333.0,-2048.0
-2048.0,-1854.0
-1908.0,-2048.0
-523.0,-875.0
1208.0,2030.0
1836.0,1934.0
1919.0,2047.0
892.0,1734.0
-747.0,-1383.0
-1871.0,-2048.0
-2031.0,-2023.0
-2025.0,-2048.0
-1989.0,-2048.0
-2048.0,-2020.0
-1215.0,-2048.0
50.0,313.0
1164.0,2047.0
1862.0,1936.0
1856.0,2012.0
1730.0,2026.0
595.0,1654.0
-142.0,-291.0
-560.0,-1044.0
-475.0,-927.0
-179.0,-209.0
101.0,334.0
154.0,500.0
56.0,268.0
-76.0,-1.0
-127.0,-105.0
-89.0,-22.0
-24.0,81.0
-4.0,104.0
-41.0,38.0
-84.0,-26.0
-92.0,-31.0
-69.0,9.0
-39.0,55.0
-36.0,74.0
-56.0,57.0
-67.0,23.0
-61.0,19.0
-43.0,53.0
-34.0,85.0
-43.0,76.0
-61.0,39.0
-63.0,25.0
-43.0,50.0
-24.0,91.0
-21.0,105.0
-40.0,64.0
-95.0,-38.0
-155.0,-131.0
-147.0,-103.0
-10.0,124.0
175.0,407.0
270.0,543.0
78.0,247.0
-443.0,-530.0
-1267.0,-1707.0
-1966.0,-2048.0
-2017.0,-2041.0
-2016.0,-2048.0
-2014.0,-2048.0
-2017.0,-2048.0
-2015.0,-2048.0
-2016.0,-2048.0
-2015.0,-2048.0
-2016.0,-2048.0
-2014.0,-2048.0
-2016.0,-2048.0
-2012.0,-2048.0
-2015.0,-2048.0
-2008.0,-2048.0
-2016.0,-2048.0
-2004.0,-2039.0
-2020.0,-2048.0
-1995.0,-2016.0
-2021.0,-2048.0
-586.0,-600.0
1320.0,1647.0
1895.0,2015.0
1837.0,1997.0
1868.0,1992.0
1843.0,2003.0
1879.0,1993.0
1749.0,1961.0
153.0,286.0
-1534.0,-1598.0
-2048.0,-2048.0
-1992.0,-2044.0
-2022.0,-2048.0
-2001.0,-2047.0
-2024.0,-2048.0
-1871.0,-1877.0
610.0,790.0
2010.0,2047.0
1715.0,1855.0
2047.0,2047.0
412.0,525.0
-2048.0,-2048.0
-1868.0,-1915.0
-2048.0,-2048.0
-891.0,-807.0
1810.0,1951.0
1792.0,1932.0
1961.0,2047.0
1383.0,1509.0
-1482.0,-1403.0
-2048.0,-2048.0
-1977.0,-2019.0
-2029.0,-2048.0
-1997.0,-2042.0
-2019.0,-2048.0
-2002.0,-2048.0
-2014.0,-2048.0
-2002.0,-2048.0
-2010.0,-2048.0
-2004.0,-2048.0
-2008.0,-2048.0
-2007.0,-2048.0
-2008.0,-2048.0
-2006.0,-2048.0
-2007.0,-2048.0
-2005.0,-2048.0
-2004.0,-2048.0
-2004.0,-2048.0
-2004.0,-2048.0
-2003.0,-2048.0
-2003.0,-2048.0
-2003.0,-2048.0
-2003.0,-2048.0
-2005.0,-2048.0
-2003.0,-2048.0
-2005.0,-2048.0
-2001.0,-2048.0
-2007.0,-2048.0
-1998.0,-2048.0
-2009.0,-2048.0
-1992.0,-2048.0
-2012.0,-2043.0
-1984.0,-2048.0
-2020.0,-2038.0
-1971.0,-2048.0
-2038.0,-2027.0
-1935.0,-2048.0
-2048.0,-1861.0
-675.0,-281.0
1689.0,1304.0
1840.0,2047.0
1901.0,1970.0
1822.0,2040.0
1914.0,1968.0
1796.0,2047.0
1967.0,1754.0
72.0,142.0
-1971.0,-1329.0
-1969.0,-2048.0
-2029.0,-2030.0
-1976.0,-2048.0
-2021.0,-2038.0
-1981.0,-2048.0
-2018.0,-2038.0
-1980.0,-2048.0
-2024.0,-2037.0
-1974.0,-2048.0
-2034.0,-2030.0
-1956.0,-2048.0
-2048.0,-2007.0
-1904.0,-2048.0
-2048.0,-1581.0
-490.0,-85.0
1886.0,1304.0
1809.0,2047.0
1911.0,1978.0
1830.0,2031.0
1894.0,1991.0
1840.0,2023.0
1889.0,1995.0
1841.0,2020.0
1890.0,1993.0
1837.0,1989.0
1899.0,1993.0
1818.0,2027.0
1927.0,1975.0
1764.0,2047.0
2047.0,1618.0
501.0,257.0
-2020.0,-885.0
-1964.0,-1807.0
-2044.0,-2048.0
-1968.0,-2048.0
-2030.0,-2034.0
-1996.0,-1677.0
-2048.0,-1516.0
-2007.0,-1469.0
-2048.0,-1494.0
-1995.0,-1566.0
-2048.0,-1691.0
-1961.0,-1864.0
-2048.0,-1949.0
-1916.0,-1704.0
-2048.0,-1044.0
-495.0,-46.0
1945.0,959.0
1812.0,1742.0
1917.0,2001.0
1825.0,2029.0
1903.0,1894.0
1860.0,1557.0
1918.0,1471.0
1871.0,1389.0
1923.0,1397.0
1861.0,1454.0
1922.0,1601.0
1828.0,1760.0
1938.0,1844.0
1779.0,1655.0
2047.0,1087.0
503.0,254.0
-2048.0,-593.0
-1985.0,-1214.0
-2048.0,-1488.0
-1995.0,-1448.0
-2048.0,-1256.0
-2024.0,-1072.0
-2048.0,-958.0
-2032.0,-929.0
-2048.0,-944.0
-2021.0,-999.0
-2048.0,-1115.0
-1989.0,-1254.0
-2048.0,-1283.0
-1941.0,-1078.0
-2048.0,-622.0
-495.0,18.0
1986.0,673.0
1833.0,1164.0
1954.0,1387.0
1856.0,1341.0
1943.0,1177.0
1885.0,1031.0
1948.0,926.0
1896.0,875.0
1952.0,867.0
1889.0,890.0
1958.0,941.0
1864.0,1010.0
1983.0,1022.0
1813.0,900.0
2047.0,613.0
533.0,193.0
-2048.0,-240.0
-2012.0,-536.0
-2048.0,-664.0
-2032.0,-659.0
-2048.0,-541.0
-2048.0,-408.0
-2048.0,-339.0
-2048.0,-332.0
-2048.0,-350.0
-2048.0,-375.0
-2048.0,-379.0
-2030.0,-389.0
-2048.0,-409.0
-1973.0,-344.0
-2048.0,-160.0
-466.0,85.0
2031.0,303.0
1862.0,452.0
2002.0,521.0
1896.0,499.0
1980.0,446.0
1913.0,406.0
1976.0,365.0
1920.0,322.0
1982.0,285.0
1916.0,262.0
1995.0,252.0
1896.0,246.0
2032.0,248.0
1835.0,221.0
2047.0,157.0
-247.0,119.0
-2048.0,112.0
-1969.0,142.0
-2048.0,176.0
-1708.0,159.0
1399.0,109.0
2047.0,24.0
1930.0,-40.0
1970.0,-57.0
1989.0,-81.0
1911.0,-71.0
2047.0,-4.0
300.0,101.0
-2048.0,225.0
-2048.0,347.0
-2048.0,449.0
-2048.0,537.0
-2048.0,590.0
-2048.0,534.0
-2048.0,336.0
723.0,49.0
2047.0,-232.0
1764.0,-357.0
2047.0,-231.0
561.0,89.0
-2048.0,468.0
-1938.0,700.0
-2048.0,628.0
-890.0,239.0
2047.0,-279.0
1814.0,-595.0
2047.0,-491.0
965.0,7.0
-2048.0,600.0
-1969.0,938.0
-2048.0,815.0
-881.0,260.0
2047.0,-418.0
1810.0,-785.0
2047.0,-630.0
997.0,-39.0
-2048.0,661.0
-2048.0,1089.0
-2048.0,1009.0
-1542.0,447.0
1746.0,-298.0
2027.0,-866.0
2022.0,-1089.0
2005.0,-992.0
2017.0,-772.0
1978.0,-668.0
2028.0,-763.0
1978.0,-1001.0
2047.0,-1161.0
1934.0,-1026.0
2047.0,-595.0
691.0,5.0
-2017.0,633.0
-2048.0,1167.0
-2048.0,1543.0
-2048.0,1754.0
-2048.0,1726.0
-2048.0,1398.0
-2048.0,795.0
572.0,-13.0
2047.0,-788.0
1884.0,-1215.0
2047.0,-1062.0
1467.0,-320.0
-1716.0,706.0
-2048.0,1595.0
-2048.0,1999.0
-2048.0,1940.0
-2048.0,1533.0
-2048.0,1290.0
-2048.0,1354.0
-2048.0,1825.0
-2048.0,1989.0
-2048.0,2047.0
-2048.0,1262.0
453.0,-75.0
2047.0,-1129.0
1914.0,-1663.0
2047.0,-1360.0
1580.0,-454.0
-1438.0,675.0
-2048.0,1726.0
-2048.0,2019.0
-2048.0,2004.0
-2048.0,1981.0
-2048.0,2047.0
-2048.0,1161.0
874.0,-248.0
2047.0,-1282.0
1956.0,-1822.0
2047.0,-1516.0
1611.0,-557.0
-1430.0,767.0
-2048.0,1882.0
-2048.0,2005.0
-2048.0,2017.0
-2048.0,1965.0
-2048.0,2047.0
-2048.0,1410.0
916.0,-345.0
2047.0,-1636.0
1887.0,-2048.0
2047.0,-1812.0
533.0,-120.0
-2048.0,1715.0
-1996.0,1999.0
-2048.0,2047.0
-917.0,824.0
2047.0,-1439.0
2016.0,-2028.0
2047.0,-2048.0
1798.0,-1050.0
-1397.0,997.0
-2048.0,2002.0
-2048.0,1979.0
-2048.0,2027.0
-2048.0,1959.0
-2048.0,2047.0
-2048.0,1595.0
319.0,-17.0
2047.0,-1411.0
2021.0,-2048.0
2047.0,-2045.0
2047.0,-1980.0
1716.0,-724.0
-220.0,260.0
-1005.0,752.0
-900.0,653.0
-199.0,269.0
354.0,-62.0
519.0,-135.0
289.0,-10.0
14.0,145.0
-92.0,201.0
-4.0,159.0
113.0,97.0
140.0,75.0
70.0,111.0
1.0,157.0
-4.0,167.0
41.0,135.0
95.0,92.0
110.0,80.0
75.0,105.0
34.0,136.0
30.0,137.0
69.0,113.0
107.0,91.0
96.0,102.0
61.0,125.0
45.0,137.0
67.0,120.0
115.0,84.0
143.0,71.0
106.0,96.0
2.0,175.0
-93.0,245.0
-73.0,239.0
156.0,76.0
449.0,-139.0
587.0,-258.0
272.0,-22.0
-517.0,571.0
-1738.0,1518.0
-2048.0,2025.0
-2048.0,1982.0
-2048.0,2008.0
-2048.0,1991.0
-2048.0,2005.0
-2048.0,1995.0
-2048.0,2003.0
-2048.0,1995.0
-2048.0,2002.0
-2048.0,1994.0
-2048.0,2002.0
-2048.0,1991.0
-2048.0,2002.0
-2048.0,1986.0
-2048.0,2006.0
-2048.0,1978.0
-2048.0,2016.0
-2048.0,1955.0
-2048.0,2047.0
-609.0,756.0
1684.0,-1450.0
2047.0,-2048.0
2047.0,-2044.0
2047.0,-2048.0
2047.0,-2045.0
2047.0,-2048.0
2047.0,-1893.0
336.0,-61.0
-1621.0,1680.0
-2048.0,2029.0
-2048.0,1987.0
-2048.0,1993.0
-2048.0,2003.0
-2048.0,1977.0
-1955.0,1960.0
835.0,-605.0
2047.0,-2048.0
1943.0,-1882.0
2047.0,-2048.0
602.0,-341.0
-2048.0,2047.0
-2048.0,1838.0
-2048.0,2047.0
-832.0,973.0
2009.0,-1985.0
2016.0,-1988.0
2047.0,-2048.0
1613.0,-1435.0
-1393.0,1615.0
-2048.0,2033.0
-2048.0,1980.0
-2048.0,2001.0
-2048.0,1991.0
-2048.0,1997.0
-2048.0,1992.0
-2048.0,1995.0
-2048.0,1990.0
-2048.0,1993.0
-2048.0,1990.0
-2048.0,1992.0
-2048.0,1992.0
-2048.0,1993.0
-2048.0,1992.0
-2048.0,1992.0
-2048.0,1990.0
-2048.0,1989.0
-2048.0,1989.0
-2048.0,1989.0
-2048.0,1989.0
-2048.0,1989.0
-2048.0,1988.0
-2048.0,1988.0
-2048.0,1991.0
-2048.0,1988.0
-2048.0,1991.0
-2048.0,1986.0
-2048.0,1993.0
-2048.0,1983.0
-2048.0,1996.0
-2048.0,1978.0
-2048.0,1998.0
-2048.0,1970.0
-2048.0,2006.0
-2048.0,1957.0
-2048.0,2025.0
-2048.0,1919.0
-1923.0,2047.0
-254.0,757.0
1375.0,-1810.0
2047.0,-2048.0
2047.0,-2048.0
2047.0,-2031.0
2047.0,-2048.0
2047.0,-2009.0
1834.0,-2048.0
168.0,23.0
-1307.0,1998.0
-2048.0,1942.0
-2048.0,2023.0
-2048.0,1959.0
-2048.0,2010.0
-2048.0,1965.0
-2048.0,2007.0
-1903.0,1965.0
-1921.0,2011.0
-2048.0,1960.0
-2048.0,2021.0
-2048.0,1944.0
-2048.0,2047.0
-2048.0,1894.0
-1566.0,2047.0
-74.0,571.0
1371.0,-2009.0
2047.0,-2026.0
2047.0,-2048.0
2047.0,-2040.0
2047.0,-2048.0
2047.0,-2048.0
2047.0,-2048.0
2040.0,-2048.0
1985.0,-2048.0
2047.0,-2041.0
2047.0,-2048.0
2047.0,-2022.0
2047.0,-2048.0
2047.0,-1970.0
1683.0,-2048.0
304.0,-408.0
-877.0,2030.0
-1751.0,1921.0
-2048.0,2041.0
-2048.0,1949.0
-1807.0,2021.0
-1570.0,1961.0
-1446.0,2014.0
-1426.0,1963.0
-1429.0,2015.0
-1492.0,1957.0
-1650.0,2025.0
-1856.0,1939.0
-1935.0,2047.0
-1676.0,1886.0
-1047.0,2047.0
-41.0,567.0
1046.0,-2048.0
1744.0,-2015.0
2045.0,-2048.0
2010.0,-2035.0
1812.0,-2048.0
1583.0,-2045.0
1435.0,-2048.0
1399.0,-2045.0
1426.0,-2048.0
1487.0,-2038.0
1596.0,-2048.0
1739.0,-2019.0
1819.0,-2048.0
1615.0,-1962.0
1110.0,-2048.0
293.0,-432.0
-561.0,2047.0
-1111.0,1912.0
-1393.0,2046.0
-1364.0,1946.0
-1176.0,2024.0
-977.0,1959.0
-858.0,2016.0
-830.0,1961.0
-855.0,2017.0
-873.0,1955.0
-958.0,2027.0
-1088.0,1937.0
-1141.0,2047.0
-964.0,1881.0
-576.0,2047.0
47.0,552.0
728.0,-2048.0
1124.0,-2007.0
1300.0,-2048.0
1271.0,-2032.0
1158.0,-2048.0
1049.0,-2043.0
973.0,-2048.0
923.0,-2044.0
904.0,-2048.0
918.0,-2037.0
988.0,-2048.0
1072.0,-2017.0
1101.0,-2048.0
960.0,-1959.0
690.0,-2048.0
240.0,-448.0
-229.0,2047.0
-479.0,1910.0
-601.0,2047.0
-561.0,1944.0
-470.0,2025.0
-393.0,1958.0
-360.0,2017.0
-346.0,1960.0
-330.0,2018.0
-320.0,1954.0
-360.0,2029.0
-393.0,1934.0
-380.0,2047.0
-296.0,1876.0
-179.0,2047.0
99.0,514.0
413.0,-2048.0
516.0,-1997.0
557.0,-2048.0
526.0,-2028.0
476.0,-2048.0
407.0,-2039.0
337.0,-2048.0
285.0,-2041.0
265.0,-2048.0
263.0,-2034.0
260.0,-2048.0
225.0,-2014.0
196.0,-2048.0
170.0,-1957.0
213.0,-2048.0
133.0,329.0
75.0,2047.0
125.0,1863.0
121.0,2047.0
100.0,1683.0
160.0,-1383.0
74.0,-2048.0
-27.0,-2014.0
-52.0,-2048.0
-47.0,-2048.0
-12.0,-2027.0
95.0,-2048.0
144.0,-173.0
204.0,2001.0
362.0,1918.0
480.0,2047.0
590.0,1924.0
653.0,2047.0
587.0,1894.0
319.0,2047.0
83.0,-627.0
-199.0,-2048.0
-391.0,-1825.0
-208.0,-2048.0
113.0,-488.0
446.0,2047.0
751.0,1794.0
646.0,2047.0
237.0,913.0
-229.0,-2048.0
-626.0,-1886.0
-484.0,-2048.0
53.0,-906.0
645.0,2047.0
1089.0,1797.0
890.0,2047.0
261.0,890.0
-369.0,-2048.0
-796.0,-1879.0
-595.0,-2048.0
23.0,-937.0
689.0,2047.0
1161.0,1874.0
1017.0,2047.0
421.0,1506.0
-223.0,-1726.0
-841.0,-2048.0
-1106.0,-2048.0
-1002.0,-2048.0
-753.0,-2048.0
-618.0,-2048.0
-717.0,-2048.0
-962.0,-2033.0
-1133.0,-2048.0
-1017.0,-1985.0
-539.0,-2048.0
42.0,-597.0
600.0,1947.0
1180.0,1923.0
1603.0,2047.0
1821.0,1922.0
1769.0,2047.0
1468.0,1893.0
808.0,2047.0
41.0,-512.0
-729.0,-2048.0
-1169.0,-1900.0
-993.0,-2048.0
-239.0,-1411.0
663.0,1652.0
1635.0,2033.0
1872.0,1976.0
1921.0,1989.0
1626.0,1995.0
1219.0,1968.0
1412.0,2015.0
1825.0,1944.0
1858.0,2047.0
1948.0,1885.0
1263.0,2047.0
-50.0,-397.0
-1012.0,-2048.0
-1577.0,-1912.0
-1237.0,-2048.0
-370.0,-1526.0
668.0,1429.0
1689.0,2047.0
1889.0,1956.0
1886.0,1992.0
1849.0,2000.0
1945.0,1954.0
1100.0,1996.0
-175.0,-791.0
-1121.0,-2048.0
-1729.0,-1942.0
-1423.0,-2048.0
-484.0,-1560.0
740.0,1407.0
1785.0,2047.0
1876.0,1953.0
1896.0,2004.0
1839.0,1983.0
1956.0,1972.0
1347.0,1961.0
-290.0,-829.0
-1542.0,-2048.0
-2048.0,-1862.0
-1758.0,-2048.0
-96.0,-466.0
1623.0,2047.0
1868.0,1788.0
1954.0,2047.0
865.0,877.0
-1304.0,-2048.0
-1957.0,-2013.0
-2048.0,-2048.0
-932.0,-1743.0
987.0,1371.0
1894.0,2047.0
1855.0,1958.0
1899.0,1986.0
1842.0,2009.0
1939.0,1940.0
1596.0,2040.0
61.0,-259.0
-1329.0,-2048.0
-2029.0,-2032.0
-1979.0,-2048.0
-1928.0,-2048.0
-667.0,-1603.0
269.0,309.0
729.0,1001.0
647.0,916.0
300.0,222.0
-8.0,-290.0
-89.0,-445.0
19.0,-218.0
167.0,27.0
222.0,134.0
177.0,52.0
117.0,-49.0
99.0,-70.0
138.0,-12.0
184.0,52.0
187.0,61.0
159.0,11.0
132.0,-40.0
126.0,-57.0
139.0,-28.0
159.0,10.0
168.0,13.0
151.0,-21.0
129.0,-53.0
141.0,-41.0
163.0,-3.0
169.0,12.0
150.0,-12.0
115.0,-57.0
105.0,-74.0
129.0,-33.0
198.0,67.0
258.0,165.0
241.0,150.0
88.0,-63.0
-111.0,-346.0
-208.0,-493.0
24.0,-214.0
584.0,521.0
1495.0,1648.0
1908.0,2027.0
1856.0,1965.0
1884.0,1997.0
1865.0,1976.0
1881.0,1993.0
1870.0,1981.0
1878.0,1990.0
1870.0,1981.0
1877.0,1989.0
1869.0,1981.0
1878.0,1989.0
1866.0,1978.0
1878.0,1989.0
1861.0,1973.0
1882.0,1993.0
1852.0,1965.0
1893.0,2003.0
1828.0,1943.0
1955.0,2047.0
790.0,614.0
-1369.0,-1579.0
-2028.0,-2048.0
-1981.0,-2048.0
-2007.0,-2048.0
-1981.0,-2048.0
-2028.0,-2048.0
-1824.0,-1924.0
-16.0,-190.0
1615.0,1521.0
1896.0,2032.0
1868.0,1960.0
1864.0,1996.0
1883.0,1968.0
1845.0,2002.0
1866.0,1813.0
-517.0,-710.0
-2048.0,-2048.0
-1821.0,-1946.0
-2048.0,-2048.0
-296.0,-492.0
2029.0,1997.0
1720.0,1866.0
2047.0,2047.0
968.0,842.0
-1905.0,-1916.0
-1931.0,-2024.0
-2048.0,-2048.0
-1384.0,-1472.0
1562.0,1330.0
1897.0,2039.0
1860.0,1956.0
1871.0,1995.0
1868.0,1973.0
1870.0,1987.0
1869.0,1977.0
1869.0,1984.0
1866.0,1976.0
1867.0,1981.0
1865.0,1976.0
1867.0,1980.0
1867.0,1979.0
1868.0,1980.0
1867.0,1979.0
1867.0,1979.0
1865.0,1977.0
1865.0,1976.0
1865.0,1976.0
1864.0,1976.0
1864.0,1976.0
1864.0,1975.0
1863.0,1975.0
1863.0,1976.0
1866.0,1976.0
1863.0,1977.0
1866.0,1975.0
1861.0,1978.0
1868.0,1973.0
1858.0,1979.0
1871.0,1971.0
1852.0,1979.0
1873.0,1966.0
1844.0,1982.0
1882.0,1960.0
1831.0,1989.0
1902.0,1945.0
1792.0,2026.0
2010.0,1701.0
815.0,240.0
-1748.0,-1097.0
-1992.0,-2048.0
-2035.0,-2048.0
-1964.0,-2048.0
-2048.0,-2031.0
-1939.0,-2048.0
-2048.0,-1525.0
61.0,-42.0
1941.0,1153.0
1811.0,1966.0
1901.0,1957.0
1831.0,1989.0
1887.0,1960.0
1838.0,1986.0
1883.0,1958.0
1848.0,1801.0
1896.0,1791.0
1837.0,1931.0
1896.0,1962.0
1817.0,1996.0
1923.0,1937.0
1765.0,2047.0
2047.0,1452.0
598.0,99.0
-1972.0,-1104.0
-1968.0,-2002.0
-2041.0,-2048.0
-1975.0,-2048.0
-2028.0,-2048.0
-1987.0,-1971.0
-2047.0,-1671.0
-2003.0,-1675.0
-2048.0,-1680.0
-1990.0,-1771.0
-2047.0,-1914.0
-1956.0,-2048.0
-2048.0,-2048.0
-1909.0,-1949.0
-2048.0,-1231.0
-371.0,-254.0
1972.0,816.0
1811.0,1594.0
1919.0,1930.0
1829.0,1847.0
1915.0,1609.0
1864.0,1394.0
1924.0,1289.0
1874.0,1263.0
1925.0,1277.0
1863.0,1354.0
1923.0,1489.0
1832.0,1618.0
1942.0,1652.0
1788.0,1456.0
2047.0,907.0
605.0,81.0
-2024.0,-784.0
-1985.0,-1453.0
-2048.0,-1731.0
-1991.0,-1659.0
-2048.0,-1464.0
-2019.0,-1284.0
-2048.0,-1162.0
-2029.0,-1109.0
-2048.0,-1121.0
-2016.0,-1197.0
-2048.0,-1294.0
-1986.0,-1406.0
-2048.0,-1452.0
-1935.0,-1274.0
-2048.0,-811.0
-424.0,-162.0
2006.0,479.0
1839.0,934.0
1965.0,1117.0
1865.0,1077.0
1952.0,935.0
1894.0,786.0
1956.0,698.0
1902.0,680.0
1957.0,680.0
1895.0,686.0
1963.0,750.0
1869.0,852.0
1986.0,867.0
1820.0,731.0
2047.0,422.0
601.0,-11.0
-2048.0,-429.0
-2013.0,-738.0
-2048.0,-859.0
-2030.0,-822.0
-2048.0,-727.0
-2048.0,-637.0
-2048.0,-576.0
-2048.0,-535.0
-2048.0,-519.0
-2048.0,-527.0
-2048.0,-552.0
-2025.0,-586.0
-2048.0,-604.0
-1969.0,-529.0
-2048.0,-354.0
-436.0,-114.0
2044.0,103.0
1868.0,251.0
2009.0,324.0
1903.0,299.0
1990.0,242.0
1923.0,174.0
1987.0,124.0
1930.0,105.0
1989.0,102.0
1925.0,82.0
2001.0,56.0
1907.0,68.0
2030.0,81.0
1851.0,25.0
2047.0,-48.0
566.0,-94.0
-2048.0,-135.0
-2032.0,-174.0
-2048.0,-157.0
-2048.0,-92.0
-2048.0,-52.0
-2048.0,-50.0
-2048.0,-42.0
-2048.0,-24.0
-2048.0,-17.0
-2048.0,-13.0
-2048.0,22.0
-2048.0,84.0
-2048.0,150.0
-2008.0,168.0
-2048.0,79.0
377.0,-89.0
2047.0,-243.0
1864.0,-317.0
2047.0,-308.0
1709.0,-199.0
-1381.0,11.0
-2048.0,238.0
-2048.0,425.0
-2048.0,512.0
-2048.0,465.0
-2048.0,345.0
-2048.0,163.0
-147.0,-61.0
2009.0,-313.0
1920.0,-572.0
2047.0,-801.0
1947.0,-964.0
2047.0,-990.0
1906.0,-822.0
2047.0,-455.0
-607.0,41.0
-2048.0,508.0
-1894.0,730.0
-2048.0,561.0
-488.0,3.0
2047.0,-694.0
1831.0,-1120.0
2047.0,-975.0
939.0,-275.0
-2048.0,571.0
-1981.0,1061.0
-2048.0,890.0
-900.0,105.0
2047.0,-837.0
1844.0,-1356.0
2047.0,-1128.0
932.0,-265.0
-2048.0,714.0
-1981.0,1223.0
-2048.0,987.0
-919.0,156.0
2047.0,-836.0
1919.0,-1444.0
2047.0,-1324.0
1546.0,-538.0
-1751.0,497.0
-2048.0,1298.0
-2048.0,1594.0
-2048.0,1447.0
-2048.0,1143.0
-2048.0,989.0
-2048.0,1102.0
-2048.0,1407.0
-2048.0,1601.0
-2048.0,1416.0
-2048.0,837.0
-593.0,68.0
1968.0,-735.0
1967.0,-1378.0
2047.0,-1884.0
2004.0,-2048.0
2047.0,-2048.0
1965.0,-1899.0
2047.0,-950.0
-468.0,84.0
-2048.0,1116.0
-2021.0,1616.0
-2048.0,1433.0
-1443.0,481.0
1695.0,-777.0
2047.0,-1892.0
2047.0,-2048.0
2047.0,-2048.0
2047.0,-1910.0
2016.0,-1433.0
2047.0,-1643.0
2024.0,-2048.0
2047.0,-2048.0
1970.0,-2048.0
2047.0,-1468.0
-367.0,150.0
-2048.0,1331.0
-2047.0,1941.0
-2048.0,1606.0
-1563.0,597.0
1467.0,-726.0
2047.0,-1887.0
2045.0,-2048.0
2047.0,-2048.0
2047.0,-2043.0
2035.0,-2048.0
2047.0,-1254.0
-762.0,345.0
-2048.0,1532.0
-2048.0,2026.0
-2048.0,1906.0
-1593.0,733.0
1458.0,-833.0
2047.0,-1993.0
2043.0,-2048.0
2047.0,-2048.0
2047.0,-2040.0
2047.0,-2048.0
2032.0,-1492.0
-820.0,464.0
-2048.0,1817.0
-1998.0,1997.0
-2048.0,1967.0
-465.0,282.0
2047.0,-1855.0
1875.0,-2039.0
2047.0,-2048.0
959.0,-843.0
-2048.0,1593.0
-2048.0,1953.0
-2048.0,2047.0
-1817.0,1280.0
1443.0,-1057.0
2047.0,-2048.0
2047.0,-2048.0
2047.0,-2048.0
2047.0,-2041.0
2019.0,-2048.0
2047.0,-1683.0
-194.0,94.0
-2048.0,1559.0
-2048.0,2047.0
-2048.0,1920.0
-2048.0,2047.0
-1648.0,938.0
354.0,-266.0
1065.0,-734.0
987.0,-668.0
275.0,-233.0
-253.0,111.0
-422.0,214.0
-193.0,71.0
61.0,-98.0
180.0,-173.0
98.0,-122.0
-22.0,-45.0
-57.0,-12.0
8.0,-46.0
77.0,-101.0
92.0,-120.0
56.0,-93.0
6.0,-55.0
-14.0,-40.0
17.0,-66.0
49.0,-94.0
46.0,-93.0
6.0,-70.0
-23.0,-47.0
-13.0,-51.0
22.0,-80.0
43.0,-99.0
24.0,-92.0
-17.0,-57.0
-39.0,-34.0
-8.0,-56.0
88.0,-132.0
178.0,-204.0
157.0,-193.0
-52.0,-12.0
-325.0,222.0
-459.0,346.0
-170.0,88.0
590.0,-551.0
1726.0,-1585.0
2047.0,-2048.0
2047.0,-2048.0
2047.0,-2048.0
2047.0,-2048.0
2047.0,-2048.0
2047.0,-2048.0
2047.0,-2048.0
2047.0,-2048.0
2047.0,-2048.0
2047.0,-2048.0
2047.0,-2048.0
2047.0,-2048.0
2047.0,-2048.0
2047.0,-2048.0
2047.0,-2048.0
2046.0,-2048.0
2047.0,-2048.0
2023.0,-2028.0
2047.0,-2048.0
673.0,-739.0
-1603.0,1540.0
-2048.0,2008.0
-2048.0,1979.0
-2048.0,1981.0
-2048.0,1987.0
-2048.0,1985.0
-2034.0,1925.0
-171.0,140.0
1601.0,-1753.0
2047.0,-2048.0
2042.0,-2048.0
2047.0,-2048.0
2047.0,-2048.0
2047.0,-2048.0
1915.0,-1997.0
-672.0,696.0
-2048.0,2047.0
-2048.0,1808.0
-2048.0,2047.0
-487.0,383.0
2047.0,-2048.0
1942.0,-1901.0
2047.0,-2048.0
929.0,-939.0
-1999.0,1980.0
-2048.0,1903.0
-2048.0,2047.0
-1538.0,1457.0
1413.0,-1625.0
2047.0,-2048.0
2041.0,-2043.0
2047.0,-2048.0
2047.0,-2048.0
2047.0,-2048.0
2047.0,-2048.0
2047.0,-2048.0
2047.0,-2048.0
2047.0,-2048.0
2047.0,-2048.0
2047.0,-2048.0
2047.0,-2048.0
2047.0,-2048.0
2047.0,-2048.0
2047.0,-2048.0
2047.0,-2048.0
2047.0,-2048.0
2047.0,-2048.0
2047.0,-2048.0
2047.0,-2048.0
2047.0,-2048.0
2047.0,-2048.0
2047.0,-2048.0
2047.0,-2048.0
2047.0,-2048.0
2047.0,-2048.0
2047.0,-2048.0
2047.0,-2048.0
2047.0,-2048.0
2047.0,-2048.0
2047.0,-2048.0
2047.0,-2048.0
2047.0,-2044.0
2042.0,-2048.0
2047.0,-2030.0
2029.0,-2048.0
2047.0,-1990.0
1799.0,-2048.0
287.0,-747.0
-1102.0,1822.0
-2048.0,1959.0
-2048.0,2039.0
-2048.0,1943.0
-2048.0,2047.0
-2048.0,1914.0
-1536.0,2047.0
-22.0,24.0
1184.0,-2048.0
2008.0,-2012.0
2040.0,-2048.0
2047.0,-2031.0
2030.0,-2048.0
2047.0,-2039.0
1884.0,-2048.0
1725.0,-2039.0
1776.0,-2048.0
1882.0,-2034.0
2032.0,-2048.0
2047.0,-2016.0
2034.0,-2048.0
2047.0,-1963.0
1421.0,-2048.0
132.0,-523.0
-1067.0,1999.0
-1962.0,1935.0
-2048.0,2043.0
-2048.0,1958.0
-2048.0,2026.0
-1820.0,1968.0
-1685.0,2020.0
-1591.0,1970.0
-1575.0,2021.0
-1635.0,1963.0
-1793.0,2031.0
-1985.0,1945.0
-2048.0,2047.0
-1854.0,1890.0
-1238.0,2047.0
-226.0,477.0
848.0,-2048.0
1547.0,-2000.0
1878.0,-2048.0
1835.0,-2026.0
1643.0,-2048.0
1458.0,-2037.0
1337.0,-2048.0
1261.0,-2038.0
1241.0,-2048.0
1312.0,-2032.0
1460.0,-2048.0
1595.0,-2013.0
1627.0,-2048.0
1406.0,-1957.0
912.0,-2048.0
92.0,-519.0
-792.0,2023.0
-1354.0,1927.0
-1594.0,2047.0
-1544.0,1955.0
-1375.0,2029.0
-1204.0,1967.0
-1103.0,2022.0
-1055.0,1968.0
-1070.0,2023.0
-1116.0,1962.0
-1190.0,2033.0
-1244.0,1943.0
-1259.0,2047.0
-1122.0,1886.0
-775.0,2047.0
-151.0,498.0
535.0,-2048.0
927.0,-1995.0
1113.0,-2048.0
1107.0,-2024.0
987.0,-2048.0
838.0,-2035.0
751.0,-2048.0
711.0,-2037.0
705.0,-2048.0
716.0,-2030.0
776.0,-2048.0
848.0,-2011.0
882.0,-2048.0
783.0,-1953.0
531.0,-2048.0
49.0,-503.0
-451.0,2047.0
-707.0,1921.0
-810.0,2047.0
-744.0,1953.0
-637.0,2031.0
-550.0,1965.0
-526.0,2023.0
-517.0,1967.0
-505.0,2024.0
-487.0,1961.0
-487.0,2035.0
-500.0,1942.0
-500.0,2047.0
-426.0,1884.0
-322.0,2047.0
-91.0,517.0
188.0,-2048.0
283.0,-1993.0
302.0,-2048.0
269.0,-2022.0
231.0,-2048.0
166.0,-2034.0
116.0,-2048.0
88.0,-2036.0
70.0,-2048.0
37.0,-2029.0
-2.0,-2048.0
-52.0,-2009.0
-87.0,-2048.0
-91.0,-1950.0
-14.0,-2048.0
-32.0,-457.0
-76.0,2047.0
-8.0,1914.0
27.0,2047.0
76.0,1950.0
95.0,2031.0
106.0,1962.0
101.0,2022.0
101.0,1964.0
99.0,2023.0
133.0,1957.0
196.0,2035.0
282.0,1937.0
322.0,2047.0
288.0,1877.0
95.0,2047.0
-68.0,-263.0
-257.0,-2048.0
-449.0,-1925.0
-395.0,-2048.0
-163.0,-1677.0
60.0,1411.0
376.0,2047.0
644.0,1951.0
751.0,1998.0
681.0,2008.0
502.0,1941.0
216.0,2047.0
-29.0,247.0
-251.0,-2048.0
-556.0,-2002.0
-799.0,-2048.0
-983.0,-2009.0
-1029.0,-2048.0
-837.0,-1990.0
-380.0,-2048.0
97.0,713.0
629.0,2047.0
924.0,1769.0
635.0,2047.0
30.0,521.0
-602.0,-2048.0
-1049.0,-1863.0
-852.0,-2048.0
-189.0,-871.0
595.0,2047.0
1169.0,1811.0
932.0,2047.0
109.0,934.0
-766.0,-2048.0
-1356.0,-1880.0
-1106.0,-2048.0
-236.0,-838.0
705.0,2047.0
1315.0,1797.0
1042.0,2047.0
169.0,946.0
-768.0,-2048.0
-1421.0,-1949.0
-1275.0,-2048.0
-466.0,-1475.0
540.0,1734.0
1447.0,2018.0
1756.0,1989.0
1542.0,1985.0
1190.0,2002.0
1045.0,1974.0
1193.0,2015.0
1514.0,1956.0
1704.0,2039.0
1503.0,1912.0
878.0,2047.0
90.0,642.0
-670.0,-1953.0
-1442.0,-2017.0
-1953.0,-2048.0
-2027.0,-2012.0
-2008.0,-2048.0
-2001.0,-1995.0
-971.0,-2048.0
142.0,589.0
1136.0,2047.0
1728.0,1852.0
1469.0,2047.0
501.0,1430.0
-767.0,-1649.0
-1884.0,-2048.0
-2020.0,-2040.0
-2028.0,-2048.0
-1953.0,-2048.0
-1443.0,-2048.0
-1594.0,-2048.0
-2024.0,-2027.0
-1964.0,-2048.0
-2048.0,-1978.0
-1468.0,-2048.0
175.0,457.0
1435.0,2047.0
1896.0,1855.0
1806.0,2047.0
672.0,1521.0
-750.0,-1377.0
-1878.0,-2048.0
-2018.0,-2014.0
-2030.0,-2048.0
-1972.0,-2048.0
-2048.0,-2048.0
-1257.0,-1946.0
342.0,853.0
1535.0,2047.0
1879.0,1898.0
1863.0,2047.0
808.0,1564.0
-822.0,-1361.0
-1931.0,-2048.0
-2021.0,-2015.0
-2026.0,-2048.0
-1979.0,-2039.0
-2048.0,-2048.0
-1458.0,-1934.0
505.0,870.0
1782.0,2047.0
1841.0,1815.0
1901.0,2047.0
361.0,520.0
-1808.0,-2048.0
-1959.0,-1866.0
-2048.0,-2048.0
-836.0,-842.0
1534.0,2007.0
1827.0,1940.0
1938.0,2047.0
1304.0,1716.0
-1020.0,-1313.0
-2043.0,-2048.0
-1986.0,-2015.0
-2036.0,-2048.0
-1979.0,-2048.0
-2048.0,-2044.0
-1681.0,-2031.0
101.0,302.0
1528.0,2039.0
1925.0,1966.0
1787.0,1993.0
1948.0,2047.0
993.0,1591.0
-238.0,-232.0
-690.0,-897.0
-646.0,-806.0
-208.0,-159.0
123.0,324.0
239.0,467.0
101.0,253.0
-66.0,27.0
-140.0,-67.0
-94.0,2.0
-28.0,99.0
2.0,122.0
-37.0,67.0
-83.0,11.0
-94.0,3.0
-69.0,34.0
-39.0,78.0
-25.0,94.0
-38.0,65.0
-53.0,33.0
-53.0,28.0
-34.0,55.0
-17.0,80.0
-27.0,77.0
-54.0,47.0
-61.0,32.0
-45.0,57.0
-22.0,98.0
-8.0,117.0
-26.0,87.0
-100.0,1.0
-174.0,-76.0
-166.0,-66.0
11.0,127.0
239.0,381.0
358.0,513.0
111.0,247.0
-513.0,-423.0
-1523.0,-1497.0
-2038.0,-2048.0
-1993.0,-2042.0
-2021.0,-2048.0
-2002.0,-2048.0
-2017.0,-2048.0
-2006.0,-2048.0
-2014.0,-2048.0
-2006.0,-2048.0
-2014.0,-2048.0
-2005.0,-2048.0
-2015.0,-2048.0
-2001.0,-2048.0
-2016.0,-2048.0
-1995.0,-2048.0
-2021.0,-2048.0
-1985.0,-2048.0
-2033.0,-2048.0
-1958.0,-2048.0
-2048.0,-2021.0
-706.0,-458.0
1519.0,1458.0
1866.0,2047.0
1862.0,1973.0
1843.0,2018.0
1871.0,1978.0
1837.0,2034.0
1858.0,1849.0
194.0,240.0
-1707.0,-1353.0
-2023.0,-2048.0
-2008.0,-2028.0
-1997.0,-2048.0
-2017.0,-2022.0
-1989.0,-2048.0
-1953.0,-1720.0
692.0,698.0
2047.0,2047.0
1680.0,1915.0
2047.0,2047.0
408.0,530.0
-2048.0,-1945.0
-1828.0,-1973.0
-2048.0,-2048.0
-895.0,-732.0
1896.0,1810.0
1775.0,1956.0
1964.0,2047.0
1434.0,1406.0
-1563.0,-1196.0
-2048.0,-2048.0
-1968.0,-2032.0
-2026.0,-2048.0
-1989.0,-2047.0
-2015.0,-2048.0
-1995.0,-2048.0
-2010.0,-2048.0
-1996.0,-2048.0
-2005.0,-2048.0
-1998.0,-2048.0
-2003.0,-2048.0
-2001.0,-2048.0
-2003.0,-2048.0
-2001.0,-2048.0
-2002.0,-2048.0
-1999.0,-2048.0
-1999.0,-2048.0
-1998.0,-2048.0
-1998.0,-2048.0
-1998.0,-2048.0
-1998.0,-2048.0
-1998.0,-2048.0
-1997.0,-2048.0
-2000.0,-2048.0
-1997.0,-2048.0
-2000.0,-2048.0
-1995.0,-2048.0
-2002.0,-2045.0
-1991.0,-2048.0
-2006.0,-2039.0
-1984.0,-2048.0
-2020.0,-1821.0
-1985.0,-1867.0
-2019.0,-2027.0
-1960.0,-2048.0
-2041.0,-2024.0
-1917.0,-2048.0
-2048.0,-1333.0
-721.0,-114.0
1780.0,976.0
1825.0,1919.0
1916.0,1997.0
1806.0,2030.0
1932.0,1975.0
1770.0,2047.0
2045.0,1282.0
107.0,99.0
-2048.0,-854.0
-1964.0,-1662.0
-2038.0,-2001.0
-1964.0,-2029.0
-2034.0,-1808.0
-1994.0,-1594.0
-2048.0,-1418.0
-2007.0,-1357.0
-2048.0,-1370.0
-1995.0,-1475.0
-2048.0,-1640.0
-1959.0,-1811.0
-2048.0,-1850.0
-1916.0,-1592.0
-2048.0,-957.0
-493.0,-36.0
1949.0,921.0
1817.0,1636.0
1920.0,1950.0
1829.0,1929.0
1913.0,1707.0
1864.0,1475.0
1925.0,1344.0
1875.0,1312.0
1927.0,1331.0
1866.0,1360.0
1930.0,1452.0
1836.0,1588.0
1950.0,1626.0
1789.0,1436.0
2047.0,949.0
518.0,244.0
-2048.0,-503.0
-1986.0,-1088.0
-2048.0,-1350.0
-1996.0,-1328.0
-2048.0,-1152.0
-2024.0,-971.0
-2048.0,-869.0
-2033.0,-833.0
-2048.0,-823.0
-2024.0,-853.0
-2048.0,-947.0
-1993.0,-1071.0
-2048.0,-1098.0
-1944.0,-930.0
-2048.0,-544.0
-504.0,16.0
1987.0,604.0
1841.0,1040.0
1963.0,1212.0
1866.0,1162.0
1950.0,1033.0
1891.0,920.0
1953.0,836.0
1900.0,802.0
1956.0,791.0
1893.0,802.0
1963.0,846.0
1870.0,897.0
1987.0,948.0
1814.0,871.0
2047.0,584.0
537.0,185.0
-2048.0,-192.0
-2012.0,-460.0
-2048.0,-561.0
-2034.0,-528.0
-2048.0,-425.0
-2048.0,-320.0
-2048.0,-304.0
-2048.0,-331.0
-2048.0,-311.0
-2048.0,-269.0
-2048.0,-287.0
-2028.0,-352.0
-2048.0,-360.0
-1973.0,-284.0
-2048.0,-115.0
-500.0,93.0
2018.0,267.0
1869.0,397.0
2004.0,441.0
1902.0,414.0
1986.0,346.0
1922.0,283.0
1982.0,269.0
1925.0,275.0
1983.0,264.0
1922.0,235.0
1997.0,186.0
1908.0,142.0
2030.0,123.0
1854.0,101.0
2047.0,85.0
554.0,115.0
-2048.0,181.0
-2048.0,274.0
-2048.0,337.0
-2048.0,330.0
-2048.0,298.0
-2048.0,292.0
-2048.0,331.0
-2048.0,365.0
-2048.0,358.0
-2048.0,384.0
-2048.0,446.0
-2048.0,486.0
-2048.0,500.0
-2009.0,481.0
-2048.0,374.0
-447.0,157.0
2047.0,-98.0
1897.0,-288.0
2047.0,-389.0
1943.0,-431.0
2027.0,-425.0
1954.0,-399.0
2016.0,-393.0
1957.0,-395.0
2017.0,-389.0
1951.0,-413.0
2035.0,-511.0
1943.0,-647.0
2047.0,-734.0
1882.0,-644.0
2047.0,-321.0
-234.0,167.0
-2048.0,642.0
-2006.0,924.0
-2048.0,871.0
-1710.0,462.0
1406.0,-145.0
2047.0,-712.0
1983.0,-1052.0
2028.0,-1160.0
2039.0,-1070.0
1952.0,-795.0
2047.0,-388.0
304.0,76.0
-2048.0,537.0
-2048.0,981.0
-2048.0,1366.0
-2048.0,1639.0
-2048.0,1682.0
-2048.0,1392.0
-2048.0,760.0
764.0,-94.0
2047.0,-883.0
1816.0,-1225.0
2047.0,-908.0
571.0,-16.0
-2048.0,1021.0
-1980.0,1638.0
-2048.0,1423.0
-853.0,404.0
2047.0,-855.0
1862.0,-1578.0
2047.0,-1302.0
955.0,-158.0
-2048.0,1192.0
-2017.0,1955.0
-2048.0,1634.0
-819.0,402.0
2047.0,-964.0
1855.0,-1662.0
2047.0,-1357.0
987.0,-200.0
-2048.0,1167.0
-2048.0,1979.0
-2048.0,1819.0
-1500.0,711.0
1788.0,-661.0
2047.0,-1705.0
2047.0,-2048.0
2047.0,-1860.0
2047.0,-1429.0
2008.0,-1242.0
2047.0,-1440.0
2022.0,-1808.0
2047.0,-2007.0
1976.0,-1751.0
2047.0,-1069.0
705.0,-76.0
-1974.0,913.0
-2048.0,1786.0
-2048.0,2014.0
-2048.0,2014.0
-2048.0,1979.0
-2048.0,2047.0
-2048.0,1315.0
622.0,-177.0
2047.0,-1328.0
1941.0,-2048.0
2047.0,-1746.0
1488.0,-623.0
-1680.0,1025.0
-2048.0,1998.0
-2048.0,2001.0
-2048.0,2003.0
-2048.0,2016.0
-2048.0,1950.0
-2048.0,1894.0
-2048.0,2047.0
-2048.0,1961.0
-2048.0,2047.0
-2048.0,1729.0
490.0,-132.0
2047.0,-1684.0
1945.0,-2048.0
2047.0,-2013.0
1591.0,-760.0
-1379.0,957.0
-2048.0,1991.0
-2048.0,1983.0
-2048.0,2031.0
-2048.0,1960.0
-2048.0,2047.0
-2019.0,1545.0
896.0,-373.0
2047.0,-1777.0
1989.0,-2048.0
2047.0,-2048.0
1640.0,-953.0
-1352.0,1082.0
-2048.0,2023.0
-2048.0,1989.0
-2048.0,2023.0
-2048.0,1973.0
-2048.0,2047.0
-2027.0,1669.0
925.0,-498.0
2047.0,-2021.0
1898.0,-2007.0
2047.0,-2048.0
573.0,-293.0
-2048.0,1972.0
-2003.0,1913.0
-2048.0,2047.0
-891.0,952.0
2047.0,-1722.0
2020.0,-2028.0
2047.0,-2048.0
1805.0,-1396.0
-1329.0,1222.0
-2048.0,2047.0
-2048.0,1982.0
-2048.0,2015.0
-2048.0,1991.0
-2048.0,2026.0
-2048.0,1852.0
307.0,-45.0
2047.0,-1754.0
2047.0,-2048.0
2047.0,-1998.0
2047.0,-2048.0
1653.0,-1084.0
-207.0,326.0
-899.0,844.0
-807.0,801.0
-146.0,298.0
352.0,-87.0
505.0,-213.0
296.0,-46.0
52.0,145.0
-53.0,238.0
21.0,180.0
125.0,89.0
151.0,58.0
96.0,110.0
42.0,165.0
35.0,164.0
73.0,122.0
118.0,89.0
127.0,88.0
99.0,120.0
66.0,151.0
66.0,150.0
100.0,119.0
127.0,92.0
120.0,102.0
83.0,133.0
64.0,139.0
96.0,111.0
146.0,79.0
168.0,65.0
128.0,96.0
21.0,178.0
-58.0,255.0
-34.0,236.0
168.0,48.0
428.0,-195.0
553.0,-312.0
270.0,-51.0
-414.0,645.0
-1498.0,1700.0
-2048.0,2037.0
-2048.0,1983.0
-2048.0,2011.0
-2048.0,1993.0
-2048.0,2008.0
-2048.0,1997.0
-2048.0,2006.0
-2048.0,1997.0
-2048.0,2005.0
-2048.0,1995.0
-2048.0,2007.0
-2048.0,1991.0
-2048.0,2008.0
-2048.0,1985.0
-2048.0,2014.0
-2048.0,1973.0
-2048.0,2029.0
-2048.0,1942.0
-2048.0,2047.0
-425.0,835.0
1536.0,-1622.0
2047.0,-2048.0
2047.0,-2048.0
2047.0,-2048.0
2047.0,-2048.0
2047.0,-2048.0
1941.0,-2013.0
288.0,-99.0
-1358.0,1809.0
-2048.0,2000.0
-2048.0,2011.0
-2048.0,1978.0
-2048.0,2021.0
-2048.0,1961.0
-1802.0,2002.0
764.0,-673.0
2047.0,-2048.0
1990.0,-1858.0
2047.0,-2048.0
622.0,-342.0
-2013.0,2047.0
-2048.0,1817.0
-2048.0,2047.0
-743.0,958.0
1886.0,-2048.0
2032.0,-1975.0
2047.0,-2048.0
1492.0,-1492.0
-1203.0,1641.0
-2048.0,2040.0
-2048.0,1979.0
-2048.0,2006.0
-2048.0,1991.0
-2048.0,2001.0
-2048.0,1994.0
-2048.0,1999.0
-2048.0,1992.0
-2048.0,1996.0
-2048.0,1992.0
-2048.0,1995.0
-2048.0,1995.0
-2048.0,1996.0
-2048.0,1994.0
-2048.0,1995.0
-2048.0,1992.0
-2048.0,1992.0
-2048.0,1992.0
-2048.0,1992.0
-2048.0,1991.0
-2048.0,1991.0
-2048.0,1991.0
-2048.0,1991.0
-2048.0,1993.0
-2048.0,1991.0
-2041.0,1994.0
-2048.0,1989.0
-2048.0,1996.0
-2048.0,1985.0
-2043.0,1999.0
-1881.0,1979.0
-1766.0,2002.0
-1832.0,1970.0
-2048.0,2011.0
-2048.0,1956.0
-2048.0,2033.0
-2048.0,1915.0
-1317.0,2047.0
-139.0,799.0
1073.0,-1866.0
1969.0,-2035.0
2047.0,-2048.0
2047.0,-2017.0
2047.0,-2048.0
2047.0,-1987.0
1416.0,-2048.0
149.0,21.0
-853.0,2047.0
-1623.0,1928.0
-1987.0,2035.0
-2031.0,1954.0
-1805.0,2019.0
-1547.0,1963.0
-1359.0,2013.0
-1298.0,1964.0
-1335.0,2017.0
-1451.0,1959.0
-1613.0,2027.0
-1781.0,1941.0
-1820.0,2047.0
-1562.0,1887.0
-978.0,2047.0
-25.0,561.0
1027.0,-2048.0
1720.0,-2010.0
2023.0,-2048.0
1969.0,-2032.0
1765.0,-2048.0
1563.0,-2042.0
1443.0,-2048.0
1406.0,-2043.0
1431.0,-2048.0
1475.0,-2036.0
1596.0,-2048.0
1750.0,-2016.0
1799.0,-2048.0
1577.0,-1960.0
1088.0,-2048.0
301.0,-451.0
-532.0,2046.0
-1055.0,1917.0
-1312.0,2047.0
-1303.0,1949.0
-1153.0,2026.0
-974.0,1961.0
-855.0,2018.0
-797.0,1964.0
-794.0,2019.0
-822.0,1958.0
-895.0,2029.0
-970.0,1939.0
-1004.0,2047.0
-877.0,1883.0
-541.0,2047.0
43.0,555.0
663.0,-2048.0
1021.0,-2004.0
1173.0,-2048.0
1130.0,-2029.0
1019.0,-2048.0
905.0,-2040.0
843.0,-2048.0
827.0,-2041.0
843.0,-2048.0
854.0,-2034.0
865.0,-2048.0
880.0,-2014.0
901.0,-2048.0
816.0,-1956.0
618.0,-2048.0
228.0,-461.0
-186.0,2047.0
-381.0,1912.0
-475.0,2047.0
-435.0,1947.0
-377.0,2028.0
-306.0,1960.0
-249.0,2020.0
-224.0,1963.0
-227.0,2020.0
-232.0,1957.0
-223.0,2030.0
-192.0,1938.0
-186.0,2047.0
-150.0,1881.0
-95.0,2047.0
96.0,533.0
334.0,-2048.0
404.0,-1999.0
475.0,-2048.0
454.0,-2027.0
352.0,-2048.0
272.0,-2039.0
268.0,-2048.0
295.0,-2041.0
332.0,-2048.0
345.0,-2034.0
322.0,-2048.0
259.0,-2014.0
212.0,-2048.0
192.0,-1955.0
231.0,-2048.0
181.0,-461.0
103.0,2047.0
150.0,1912.0
188.0,2047.0
255.0,1947.0
281.0,2028.0
271.0,1960.0
246.0,2020.0
266.0,1963.0
314.0,2021.0
367.0,1956.0
398.0,2031.0
454.0,1937.0
502.0,2047.0
484.0,1879.0
326.0,2047.0
171.0,498.0
11.0,-2048.0
-237.0,-1995.0
-354.0,-2048.0
-375.0,-2026.0
-335.0,-2048.0
-299.0,-2037.0
-272.0,-2048.0
-272.0,-2039.0
-305.0,-2048.0
-368.0,-2032.0
-457.0,-2048.0
-585.0,-2013.0
-644.0,-2048.0
-559.0,-1958.0
-204.0,-2048.0
197.0,317.0
632.0,2047.0
942.0,1866.0
840.0,2047.0
414.0,1666.0
-53.0,-1397.0
-604.0,-2048.0
-1009.0,-2012.0
-1132.0,-2048.0
-1013.0,-2048.0
-686.0,-2031.0
-237.0,-2048.0
138.0,-172.0
495.0,1972.0
927.0,1932.0
1310.0,2047.0
1590.0,1935.0
1622.0,2047.0
1338.0,1910.0
693.0,2047.0
-20.0,-689.0
-731.0,-2048.0
-1117.0,-1831.0
-783.0,-2048.0
42.0,-503.0
994.0,2047.0
1638.0,1795.0
1376.0,2047.0
391.0,866.0
-771.0,-2048.0
-1578.0,-1882.0
-1262.0,-2048.0
-108.0,-873.0
1185.0,2047.0
1912.0,1795.0
1718.0,2047.0
410.0,816.0
-892.0,-2048.0
-1691.0,-1872.0
-1320.0,-2048.0
-167.0,-901.0
1180.0,2047.0
1883.0,1872.0
1859.0,2047.0
762.0,1453.0
-587.0,-1745.0
-1599.0,-2048.0
-2018.0,-2048.0
-1847.0,-2048.0
-1399.0,-2048.0
-1209.0,-2048.0
-1385.0,-2048.0
-1738.0,-2032.0
-1948.0,-2048.0
-1717.0,-1988.0
-985.0,-2048.0
-21.0,-604.0
890.0,1892.0
1745.0,1942.0
1874.0,2041.0
1898.0,1938.0
1841.0,2047.0
1959.0,1918.0
1366.0,2047.0
-109.0,-539.0
-1189.0,-2048.0
-1926.0,-1917.0
-1575.0,-2048.0
-498.0,-1424.0
1024.0,1628.0
1894.0,2039.0
1862.0,1976.0
1890.0,1994.0
1866.0,1995.0
1887.0,1974.0
1864.0,2013.0
1892.0,1953.0
1856.0,2046.0
1919.0,1903.0
1679.0,2047.0
-50.0,-416.0
-1545.0,-2048.0
-2031.0,-1920.0
-1908.0,-2048.0
-639.0,-1507.0
913.0,1381.0
1879.0,2047.0
1851.0,1952.0
1906.0,2005.0
1832.0,1986.0
1960.0,1986.0
1460.0,1906.0
-288.0,-806.0
-1633.0,-2048.0
-2028.0,-1958.0
-1971.0,-2048.0
-796.0,-1539.0
1041.0,1342.0
1904.0,2047.0
1861.0,1954.0
1894.0,2012.0
1850.0,1975.0
1923.0,1997.0
1614.0,1885.0
-398.0,-849.0
-1920.0,-2048.0
-1950.0,-1885.0
-2048.0,-2048.0
-224.0,-482.0
1864.0,2047.0
1794.0,1807.0
2021.0,2047.0
972.0,876.0
-1617.0,-2021.0
-1970.0,-2019.0
-2048.0,-2048.0
-1337.0,-1713.0
1198.0,1299.0
1916.0,2047.0
1860.0,1956.0
1881.0,1997.0
1871.0,1997.0
1887.0,1967.0
1776.0,1978.0
28.0,-230.0
-1649.0,-2048.0
-2047.0,-2048.0
-1931.0,-2048.0
-2048.0,-2048.0
-1007.0,-1503.0
366.0,261.0
851.0,870.0
795.0,808.0
306.0,192.0
-53.0,-257.0
-163.0,-413.0
6.0,-220.0
183.0,3.0
258.0,103.0
199.0,32.0
119.0,-64.0
96.0,-99.0
141.0,-46.0
188.0,18.0
196.0,37.0
169.0,0.0
136.0,-41.0
121.0,-52.0
135.0,-24.0
162.0,1.0
169.0,-2.0
143.0,-33.0
118.0,-60.0
133.0,-51.0
168.0,-18.0
174.0,-1.0
152.0,-25.0
119.0,-65.0
102.0,-77.0
131.0,-44.0
212.0,42.0
289.0,115.0
271.0,99.0
96.0,-85.0
-144.0,-317.0
-268.0,-439.0
-29.0,-182.0
650.0,438.0
1651.0,1444.0
1906.0,2017.0
1857.0,1970.0
1881.0,1998.0
1866.0,1980.0
1879.0,1994.0
1869.0,1984.0
1877.0,1991.0
1869.0,1986.0
1877.0,1989.0
1867.0,1987.0
1879.0,1988.0
1863.0,1986.0
1880.0,1985.0
1857.0,1984.0
1886.0,1984.0
1845.0,1983.0
1901.0,1983.0
1813.0,1985.0
1986.0,1940.0
875.0,454.0
-1555.0,-1355.0
-2009.0,-2048.0
-1992.0,-2036.0
-1981.0,-2048.0
-2001.0,-2031.0
-1981.0,-2048.0
-1950.0,-1761.0
-52.0,-163.0
1753.0,1237.0
1863.0,2023.0
1890.0,1951.0
1843.0,2017.0
1902.0,1944.0
1819.0,2047.0
1925.0,1626.0
-587.0,-643.0
-2048.0,-2048.0
-1784.0,-2021.0
-2048.0,-2048.0
-306.0,-454.0
2047.0,1815.0
1694.0,1930.0
2047.0,2047.0
956.0,736.0
-1975.0,-1735.0
-1912.0,-2040.0
-2048.0,-2048.0
-1439.0,-1303.0
1588.0,1144.0
1901.0,2007.0
1856.0,1973.0
1873.0,1988.0
1866.0,1982.0
1870.0,1985.0
1867.0,1983.0
1869.0,1984.0
1864.0,1981.0
1867.0,1981.0
1864.0,1980.0
1866.0,1981.0
1866.0,1983.0
1867.0,1981.0
1866.0,1983.0
1866.0,1980.0
1864.0,1982.0
1864.0,1977.0
1863.0,1983.0
1864.0,1973.0
1863.0,1988.0
1864.0,1952.0
1865.0,1918.0
1865.0,1934.0
1868.0,1917.0
1868.0,1871.0
1872.0,1853.0
1866.0,1869.0
1872.0,1876.0
1862.0,1872.0
1879.0,1810.0
1866.0,1680.0
1893.0,1585.0
1859.0,1643.0
1888.0,1858.0
1828.0,1980.0
1903.0,1975.0
1789.0,1942.0
2047.0,1129.0
844.0,164.0
-1828.0,-817.0
-1995.0,-1643.0
-2038.0,-2048.0
-1950.0,-2048.0
-2048.0,-2048.0
-1928.0,-1912.0
-2048.0,-978.0
46.0,-96.0
1989.0,793.0
1825.0,1421.0
1919.0,1767.0
1835.0,1770.0
1912.0,1566.0
1867.0,1332.0
1925.0,1195.0
1878.0,1161.0
1929.0,1190.0
1867.0,1269.0
1928.0,1400.0
1835.0,1544.0
1946.0,1592.0
1790.0,1381.0
2047.0,847.0
606.0,69.0
-2040.0,-735.0
-1984.0,-1339.0
-2048.0,-1627.0
-1988.0,-1610.0
-2048.0,-1424.0
-2016.0,-1239.0
-2048.0,-1125.0
-2026.0,-1065.0
-2048.0,-1046.0
-2017.0,-1081.0
-2048.0,-1180.0
-1987.0,-1287.0
-2048.0,-1296.0
-1938.0,-1129.0
-2048.0,-743.0
-411.0,-170.0
2015.0,421.0
1841.0,851.0
1969.0,1035.0
1869.0,995.0
1956.0,849.0
1897.0,707.0
1961.0,606.0
1908.0,552.0
1964.0,551.0
1900.0,595.0
1968.0,642.0
1876.0,706.0
1992.0,747.0
1824.0,654.0
2047.0,385.0
600.0,-9.0
-2048.0,-398.0
-2013.0,-653.0
-2048.0,-726.0
-2033.0,-683.0
-2048.0,-616.0
-2048.0,-551.0
-2048.0,-495.0
-2048.0,-459.0
-2048.0,-450.0
-2047.0,-458.0
-2048.0,-477.0
-2023.0,-527.0
-2048.0,-552.0
-1968.0,-473.0
-2048.0,-301.0
-444.0,-105.0
2039.0,67.0
1874.0,173.0
2016.0,180.0
1912.0,140.0
1996.0,109.0
1930.0,67.0
1992.0,27.0
1935.0,14.0
1993.0,3.0
1931.0,-7.0
2005.0,-37.0
1916.0,-77.0
2038.0,-117.0
1863.0,-144.0
2047.0,-132.0
598.0,-83.0
-2048.0,-5.0
-2048.0,84.0
-2048.0,141.0
-2048.0,141.0
-2048.0,113.0
-2048.0,90.0
-2048.0,94.0
-2048.0,111.0
-2048.0,140.0
-2048.0,196.0
-2048.0,254.0
-2048.0,280.0
-2048.0,269.0
-2046.0,226.0
-2048.0,129.0
-385.0,-32.0
1897.0,-241.0
1956.0,-434.0
2023.0,-536.0
1970.0,-554.0
2013.0,-542.0
1974.0,-521.0
2007.0,-497.0
1973.0,-494.0
2009.0,-521.0
1971.0,-573.0
2022.0,-652.0
1967.0,-744.0
2047.0,-761.0
1924.0,-662.0
2047.0,-435.0
542.0,-100.0
-1939.0,260.0
-2048.0,549.0
-2048.0,682.0
-2048.0,686.0
-2048.0,649.0
-2048.0,603.0
-2048.0,570.0
-2048.0,551.0
-2048.0,542.0
-2048.0,582.0
-2048.0,711.0
-2048.0,875.0
-2048.0,946.0
-2048.0,818.0
-2048.0,442.0
324.0,-119.0
2047.0,-655.0
1927.0,-961.0
2047.0,-900.0
1624.0,-444.0
-1217.0,234.0
-2048.0,877.0
-2048.0,1271.0
-2048.0,1353.0
-2048.0,1202.0
-2048.0,900.0
-1963.0,478.0
-98.0,-20.0
1698.0,-529.0
2040.0,-990.0
2033.0,-1374.0
2042.0,-1629.0
2047.0,-1652.0
2017.0,-1345.0
1949.0,-698.0
-648.0,154.0
-2048.0,940.0
-1991.0,1297.0
-2048.0,988.0
-480.0,87.0
2047.0,-977.0
1888.0,-1610.0
2047.0,-1386.0
862.0,-348.0
-2048.0,913.0
-2034.0,1642.0
-2048.0,1364.0
-744.0,210.0
2047.0,-1144.0
1887.0,-1890.0
2047.0,-1562.0
751.0,-342.0
-2048.0,1021.0
-2033.0,1727.0
-2048.0,1408.0
-830.0,256.0
2047.0,-1095.0
1960.0,-1883.0
2047.0,-1700.0
1433.0,-652.0
-1627.0,705.0
-2048.0,1741.0
-2048.0,2000.0
-2048.0,1949.0
-2048.0,1512.0
-2048.0,1298.0
-2048.0,1485.0
-2048.0,1806.0
-2048.0,2017.0
-2048.0,1820.0
-2048.0,1109.0
-459.0,141.0
1684.0,-839.0
2047.0,-1713.0
2047.0,-2048.0
2047.0,-2048.0
2047.0,-2048.0
2047.0,-2048.0
1963.0,-1222.0
-392.0,197.0
-2048.0,1309.0
-2048.0,1945.0
-2048.0,1643.0
-1336.0,602.0
1539.0,-911.0
2047.0,-1992.0
2047.0,-2048.0
2047.0,-2048.0
2047.0,-2048.0
2035.0,-1635.0
2047.0,-1762.0
2047.0,-2048.0
2047.0,-2018.0
2031.0,-2048.0
2047.0,-1592.0
-276.0,170.0
-2048.0,1535.0
-2048.0,2018.0
-2048.0,1908.0
-1359.0,705.0
1243.0,-784.0
2047.0,-1951.0
2035.0,-2048.0
2047.0,-2048.0
2041.0,-2035.0
2047.0,-2048.0
1793.0,-1319.0
-609.0,371.0
-2048.0,1602.0
-2048.0,2021.0
-2048.0,1948.0
-1388.0,811.0
1221.0,-874.0
2047.0,-2011.0
2047.0,-2048.0
2047.0,-2048.0
2044.0,-2037.0
2047.0,-2048.0
1817.0,-1491.0
-690.0,506.0
-2048.0,1849.0
-2048.0,1988.0
-2048.0,1989.0
-472.0,314.0
2047.0,-1852.0
1949.0,-2033.0
2047.0,-2048.0
955.0,-810.0
-1923.0,1598.0
-2048.0,1952.0
-2048.0,2047.0
-1614.0,1291.0
1199.0,-1035.0
2047.0,-2048.0
2036.0,-2048.0
2047.0,-2048.0
2044.0,-2037.0
2047.0,-2048.0
1858.0,-1661.0
-114.0,106.0
-1834.0,1565.0
-2048.0,2047.0
-2048.0,1925.0
-2048.0,2043.0
-1152.0,936.0
223.0,-221.0
726.0,-697.0
679.0,-638.0
193.0,-213.0
-177.0,123.0
-295.0,224.0
-129.0,86.0
46.0,-72.0
121.0,-141.0
70.0,-99.0
2.0,-28.0
-28.0,-3.0
8.0,-48.0
52.0,-92.0
57.0,-94.0
30.0,-69.0
1.0,-37.0
-4.0,-24.0
21.0,-51.0
45.0,-72.0
50.0,-61.0
28.0,-42.0
3.0,-31.0
6.0,-40.0
24.0,-60.0
31.0,-70.0
18.0,-58.0
-7.0,-24.0
-26.0,-4.0
-3.0,-26.0
64.0,-105.0
131.0,-175.0
115.0,-161.0
-26.0,13.0
-216.0,226.0
-297.0,330.0
-121.0,96.0
386.0,-492.0
1124.0,-1459.0
1878.0,-2048.0
2047.0,-2048.0
2047.0,-2048.0
2047.0,-2048.0
2047.0,-2048.0
2047.0,-2048.0
2047.0,-2048.0
2047.0,-2048.0
2047.0,-2048.0
2047.0,-2048.0
2047.0,-2048.0
2047.0,-2048.0
2047.0,-2048.0
2047.0,-2048.0
2047.0,-2048.0
2047.0,-2048.0
2032.0,-2048.0
2047.0,-2047.0
1748.0,-2048.0
315.0,-628.0
-952.0,1431.0
-2048.0,2027.0
-2048.0,1965.0
-2048.0,2000.0
-2048.0,1969.0
-2048.0,2016.0
-1337.0,1844.0
-50.0,131.0
976.0,-1584.0
1904.0,-2048.0
2047.0,-2048.0
2047.0,-2048.0
2019.0,-2048.0
2047.0,-2048.0
1395.0,-1924.0
-478.0,643.0
-1766.0,2047.0
-2048.0,1841.0
-1843.0,2047.0
-249.0,409.0
1511.0,-2048.0
2047.0,-1925.0
2043.0,-2048.0
566.0,-920.0
-1337.0,1910.0
-2048.0,1921.0
-2048.0,2047.0
-860.0,1441.0
873.0,-1519.0
1956.0,-2048.0
2047.0,-2040.0
2047.0,-2048.0
2047.0,-2048.0
1657.0,-2048.0
1540.0,-2048.0
1642.0,-2048.0
1744.0,-2048.0
1779.0,-2048.0
1701.0,-2048.0
1625.0,-2048.0
1604.0,-2048.0
1642.0,-2048.0
1673.0,-2048.0
1673.0,-2048.0
1629.0,-2048.0
1586.0,-2048.0
1562.0,-2048.0
1545.0,-2048.0
1540.0,-2048.0
1544.0,-2048.0
1532.0,-2048.0
1511.0,-2048.0
1475.0,-2048.0
1430.0,-2048.0
1409.0,-2048.0
1432.0,-2048.0
1473.0,-2048.0
1484.0,-2048.0
1413.0,-2048.0
1288.0,-2048.0
1217.0,-2048.0
1253.0,-2048.0
1369.0,-2048.0
1495.0,-2039.0
1526.0,-2048.0
1324.0,-2013.0
874.0,-2048.0
170.0,-642.0
-608.0,1659.0
-1193.0,2001.0
-1555.0,2010.0
-1662.0,1975.0
-1538.0,2020.0
-1204.0,1964.0
-720.0,2009.0
-35.0,79.0
645.0,-1916.0
1076.0,-2048.0
1275.0,-2048.0
1274.0,-2048.0
1145.0,-2048.0
992.0,-2048.0
888.0,-2048.0
849.0,-2048.0
872.0,-2048.0
933.0,-2044.0
1025.0,-2048.0
1102.0,-2031.0
1134.0,-2048.0
994.0,-1996.0
653.0,-2048.0
74.0,-460.0
-535.0,1864.0
-925.0,1977.0
-1107.0,2021.0
-1068.0,1977.0
-952.0,2014.0
-850.0,1982.0
-778.0,2012.0
-737.0,1981.0
-742.0,2013.0
-758.0,1977.0
-792.0,2020.0
-842.0,1964.0
-868.0,2040.0
-756.0,1927.0
-520.0,2047.0
-98.0,469.0
369.0,-1901.0
632.0,-2044.0
750.0,-2048.0
738.0,-2043.0
654.0,-2048.0
565.0,-2047.0
504.0,-2048.0
477.0,-2047.0
479.0,-2048.0
481.0,-2042.0
502.0,-2048.0
529.0,-2029.0
543.0,-2048.0
477.0,-1992.0
329.0,-2048.0
28.0,-445.0
-291.0,1873.0
-437.0,1972.0
-499.0,2024.0
-483.0,1976.0
-435.0,2016.0
-368.0,1981.0
-323.0,2013.0
-300.0,1981.0
-283.0,2014.0
-272.0,1976.0
-274.0,2021.0
-265.0,1963.0
-247.0,2041.0
-216.0,1925.0
-196.0,2047.0
-71.0,489.0
84.0,-1906.0
107.0,-2044.0
90.0,-2048.0
67.0,-2043.0
42.0,-2048.0
8.0,-2047.0
5.0,-2048.0
15.0,-2047.0
-1.0,-2048.0
-30.0,-2042.0
-52.0,-2048.0
-98.0,-2029.0
-126.0,-2048.0
-128.0,-1993.0
-55.0,-2048.0
-26.0,-434.0
-4.0,1876.0
110.0,1972.0
177.0,2024.0
186.0,1976.0
159.0,2016.0
150.0,1981.0
147.0,2013.0
148.0,1981.0
169.0,2014.0
221.0,1976.0
295.0,2021.0
371.0,1964.0
379.0,2040.0
315.0,1926.0
140.0,2047.0
-15.0,497.0
-165.0,-1897.0
-393.0,-2045.0
-521.0,-2048.0
-561.0,-2043.0
-529.0,-2048.0
-481.0,-2047.0
-444.0,-2048.0
-440.0,-2047.0
-462.0,-2048.0
-516.0,-2042.0
-585.0,-2048.0
-680.0,-2029.0
-753.0,-2048.0
-685.0,-1994.0
-399.0,-2048.0
-63.0,-408.0
285.0,1896.0
659.0,1972.0
841.0,2024.0
835.0,1976.0
737.0,2014.0
672.0,1980.0
641.0,2010.0
629.0,1980.0
630.0,2010.0
678.0,1976.0
792.0,2017.0
950.0,1966.0
1050.0,2035.0
956.0,1938.0
516.0,2047.0
-60.0,-212.0
-636.0,-2048.0
-1006.0,-1964.0
-878.0,-2048.0
-367.0,-1556.0
246.0,1257.0
896.0,2047.0
1343.0,1946.0
1480.0,2021.0
1346.0,1971.0
978.0,2015.0
481.0,1910.0
6.0,213.0
-459.0,-1646.0
-939.0,-2048.0
-1337.0,-2048.0
-1603.0,-2048.0
-1631.0,-2048.0
-1316.0,-2048.0
-639.0,-1917.0
158.0,734.0
953.0,2047.0
1363.0,1836.0
1003.0,2047.0
120.0,555.0
-867.0,-2048.0
-1540.0,-1905.0
-1279.0,-2048.0
-271.0,-782.0
910.0,2047.0
1679.0,1842.0
1366.0,2047.0
234.0,782.0
-1036.0,-2048.0
-1822.0,-1901.0
-1453.0,-2048.0
-269.0,-663.0
1005.0,2047.0
1758.0,1835.0
1403.0,2047.0
280.0,853.0
-981.0,-2019.0
-1800.0,-1972.0
-1604.0,-2048.0
-555.0,-1351.0
683.0,1624.0
1725.0,2029.0
1840.0,1985.0
1893.0,1993.0
1600.0,1996.0
1242.0,1987.0
1474.0,2002.0
1777.0,1978.0
1848.0,2013.0
1870.0,1957.0
1150.0,2047.0
115.0,557.0
-742.0,-1584.0
-1646.0,-2048.0
-1992.0,-2048.0
-2025.0,-2048.0
-1982.0,-2048.0
-2048.0,-2048.0
-1110.0,-1897.0
195.0,498.0
1304.0,2047.0
1886.0,1914.0
1747.0,2047.0
631.0,1354.0
-865.0,-1413.0
-1935.0,-2048.0
-2021.0,-2039.0
-1998.0,-2048.0
-2016.0,-2048.0
-1574.0,-2048.0
-1690.0,-2048.0
-2048.0,-2048.0
-1942.0,-2048.0
-2048.0,-2045.0
-1509.0,-2007.0
181.0,403.0
1506.0,2047.0
1879.0,1902.0
1850.0,2047.0
758.0,1351.0
-725.0,-1109.0
-1851.0,-2048.0
-2017.0,-2020.0
-2019.0,-2048.0
-1968.0,-2019.0
-2048.0,-2048.0
-1272.0,-1661.0
391.0,685.0
1579.0,2016.0
1873.0,1946.0
1882.0,2047.0
890.0,1364.0
-822.0,-1089.0
-1923.0,-2048.0
-2015.0,-2032.0
-2018.0,-2048.0
-1973.0,-2022.0
-2048.0,-2048.0
-1451.0,-1675.0
523.0,744.0
1782.0,2047.0
1840.0,1909.0
1906.0,2047.0
386.0,533.0
-1800.0,-1992.0
-1957.0,-1959.0
-2048.0,-2048.0
-762.0,-797.0
1545.0,1810.0
1824.0,1961.0
1942.0,2047.0
1287.0,1543.0
-957.0,-1020.0
-2020.0,-2048.0
-1982.0,-2017.0
-2031.0,-2048.0
-1969.0,-2018.0
-2048.0,-2048.0
-1587.0,-1675.0
153.0,244.0
1512.0,1728.0
1928.0,2047.0
1788.0,1936.0
1943.0,2047.0
992.0,1137.0
-193.0,-139.0
-632.0,-587.0
-582.0,-536.0
-158.0,-96.0
158.0,232.0
250.0,344.0
113.0,205.0
-37.0,49.0
-106.0,-22.0
-59.0,30.0
11.0,94.0
35.0,109.0
-7.0,69.0
-50.0,33.0
-59.0,31.0
-34.0,54.0
-1.0,78.0
14.0,83.0
-2.0,72.0
-25.0,52.0
-33.0,46.0
-9.0,64.0
19.0,83.0
10.0,80.0
-21.0,63.0
-38.0,58.0
-19.0,69.0
14.0,87.0
27.0,99.0
6.0,86.0
-65.0,40.0
-130.0,-17.0
-120.0,-8.0
34.0,113.0
250.0,275.0
364.0,339.0
134.0,189.0
-435.0,-259.0
-1360.0,-915.0
-2020.0,-1609.0
-1996.0,-2043.0
-2009.0,-2048.0
-1998.0,-2048.0
-2008.0,-2048.0
-2000.0,-2048.0
-2009.0,-1997.0
-2008.0,-1934.0
-2005.0,-2048.0
-2001.0,-2048.0
-2004.0,-2048.0
-2000.0,-2017.0
-2019.0,-1765.0
-2006.0,-1839.0
-2008.0,-2013.0
-1988.0,-2048.0
-2012.0,-2032.0
-1975.0,-2048.0
-2048.0,-1319.0
-584.0,-191.0
1418.0,891.0
1898.0,1875.0
1842.0,2000.0
1863.0,2013.0
1851.0,1977.0
1868.0,2046.0
1812.0,1226.0
194.0,119.0
-1555.0,-736.0
-2048.0,-1558.0
-1984.0,-2016.0
-2008.0,-2048.0
-1989.0,-2043.0
-2015.0,-2047.0
-1896.0,-968.0
668.0,448.0
2039.0,1588.0
1707.0,2047.0
2047.0,1620.0
463.0,247.0
-2048.0,-1149.0
-1857.0,-1919.0
-2048.0,-1560.0
-880.0,-305.0
1857.0,1137.0
1790.0,1979.0
1970.0,1818.0
1447.0,747.0
-1467.0,-591.0
-2048.0,-1619.0
-1962.0,-2009.0
-2030.0,-1856.0
-2011.0,-1499.0
-2048.0,-1264.0
-2032.0,-1225.0
-2042.0,-1297.0
-2025.0,-1363.0
-2034.0,-1361.0
-2029.0,-1323.0
-2036.0,-1290.0
-2035.0,-1266.0
-2038.0,-1252.0
-2036.0,-1261.0
-2036.0,-1271.0
-2034.0,-1247.0
-2036.0,-1211.0
-2037.0,-1175.0
-2038.0,-1150.0
-2038.0,-1148.0
-2037.0,-1160.0
-2036.0,-1176.0
-2036.0,-1183.0
-2039.0,-1153.0
-2041.0,-1094.0
-2044.0,-1057.0
-2041.0,-1053.0
-2044.0,-1088.0
-2036.0,-1105.0
-2048.0,-1045.0
-2040.0,-940.0
-2048.0,-877.0
-2036.0,-904.0
-2048.0,-1004.0
-2016.0,-1104.0
-2048.0,-1116.0
-1997.0,-962.0
-2048.0,-579.0
-609.0,-39.0
1654.0,520.0
1917.0,980.0
1921.0,1259.0
1874.0,1345.0
1932.0,1270.0
1874.0,1023.0
1980.0,616.0
141.0,119.0
-1895.0,-359.0
-2048.0,-717.0
-2048.0,-889.0
-2037.0,-881.0
-2048.0,-787.0
-2048.0,-676.0
-2048.0,-592.0
-2048.0,-552.0
-2048.0,-545.0
-2047.0,-577.0
-2048.0,-639.0
-2028.0,-696.0
-2048.0,-708.0
-1999.0,-595.0
-2048.0,-328.0
-421.0,38.0
1837.0,402.0
1911.0,654.0
1956.0,767.0
1909.0,754.0
1954.0,660.0
1923.0,570.0
1958.0,519.0
1927.0,497.0
1960.0,495.0
1923.0,495.0
1965.0,530.0
1905.0,598.0
1980.0,631.0
1868.0,556.0
2047.0,365.0
535.0,119.0
-1905.0,-94.0
-2048.0,-220.0
-2048.0,-274.0
-2048.0,-264.0
-2048.0,-192.0
-2048.0,-128.0
-2048.0,-95.0
-2048.0,-67.0
-2048.0,-57.0
-2048.0,-69.0
-2048.0,-85.0
-2048.0,-89.0
-2048.0,-83.0
-2023.0,-49.0
-2048.0,17.0
-416.0,90.0
1867.0,139.0
1933.0,148.0
1991.0,138.0
1939.0,145.0
1982.0,131.0
1947.0,95.0
1982.0,75.0
1948.0,83.0
1983.0,70.0
1947.0,19.0
1994.0,-20.0
1938.0,-52.0
2016.0,-62.0
1897.0,-25.0
2047.0,34.0
541.0,106.0
-1910.0,175.0
-2048.0,230.0
-2048.0,266.0
-2048.0,302.0
-2048.0,346.0
-2048.0,371.0
-2048.0,373.0
-2048.0,375.0
-2048.0,379.0
-2048.0,394.0
-2048.0,429.0
-2048.0,476.0
-2048.0,522.0
-2048.0,500.0
-2048.0,367.0
-409.0,138.0
1886.0,-123.0
1958.0,-333.0
2021.0,-437.0
1969.0,-434.0
2010.0,-393.0
1970.0,-348.0
2002.0,-321.0
1970.0,-337.0
2004.0,-353.0
1968.0,-381.0
2016.0,-452.0
1964.0,-552.0
2044.0,-618.0
1927.0,-562.0
2047.0,-332.0
559.0,48.0
-1920.0,463.0
-2048.0,785.0
-2048.0,950.0
-2048.0,973.0
-2048.0,912.0
-2048.0,834.0
-2048.0,794.0
-2048.0,796.0
-2048.0,836.0
-2048.0,909.0
-2048.0,998.0
-2048.0,1095.0
-2048.0,1143.0
-2048.0,1032.0
-2048.0,712.0
-369.0,197.0
1896.0,-393.0
1987.0,-867.0
2047.0,-1097.0
2005.0,-1116.0
2039.0,-1011.0
1997.0,-887.0
2025.0,-835.0
1994.0,-819.0
2025.0,-818.0
1993.0,-880.0
2042.0,-1029.0
2001.0,-1234.0
2047.0,-1367.0
1970.0,-1216.0
2047.0,-664.0
-143.0,186.0
-2048.0,990.0
-2048.0,1400.0
-2048.0,1257.0
-1569.0,604.0
1287.0,-300.0
2047.0,-1112.0
2009.0,-1607.0
2047.0,-1762.0
2033.0,-1603.0
2039.0,-1197.0
1942.0,-606.0
272.0,49.0
-1627.0,719.0
-2048.0,1291.0
-2048.0,1800.0
-2048.0,1994.0
-2048.0,2022.0
-2048.0,1890.0
-1963.0,911.0
770.0,-167.0
2047.0,-1204.0
1904.0,-1659.0
2047.0,-1260.0
627.0,-88.0
-2048.0,1250.0
-2047.0,2010.0
-2048.0,1727.0
-787.0,431.0
2047.0,-1106.0
1915.0,-2010.0
2047.0,-1648.0
828.0,-259.0
-2048.0,1422.0
-2044.0,2032.0
-2048.0,1948.0
-661.0,468.0
2047.0,-1212.0
1914.0,-2048.0
2047.0,-1677.0
918.0,-300.0
-2048.0,1332.0
-2048.0,1994.0
-2048.0,2026.0
-1387.0,868.0
1668.0,-797.0
2047.0,-1893.0
2047.0,-2048.0
2047.0,-2048.0
2047.0,-1774.0
2026.0,-1378.0
2047.0,-1653.0
2047.0,-1982.0
2047.0,-2048.0
2032.0,-2048.0
2047.0,-1273.0
628.0,-84.0
-1579.0,966.0
-2048.0,1891.0
-2048.0,1991.0
-2048.0,2029.0
-2048.0,1961.0
-2048.0,2047.0
-1967.0,1418.0
544.0,-201.0
2047.0,-1437.0
2000.0,-2048.0
2047.0,-1926.0
1414.0,-685.0
-1435.0,1096.0
-2048.0,2020.0
-2048.0,1988.0
-2048.0,2015.0
-2048.0,1991.0
-2048.0,2014.0
-2048.0,1974.0
-2048.0,2015.0
-2048.0,1980.0
-2048.0,2047.0
-2048.0,1772.0
433.0,-122.0
2047.0,-1705.0
1987.0,-2048.0
2047.0,-2037.0
1427.0,-801.0
-1071.0,941.0
-2048.0,1980.0
-2048.0,1983.0
-2048.0,2029.0
-2048.0,1957.0
-2048.0,2047.0
-1710.0,1489.0
744.0,-395.0
2047.0,-1765.0
2027.0,-2048.0
2047.0,-2048.0
1439.0,-898.0
-1056.0,1021.0
-2048.0,2003.0
-2048.0,1991.0
-2048.0,2021.0
-2048.0,1971.0
-2048.0,2047.0
-1720.0,1644.0
809.0,-494.0
2047.0,-1984.0
1994.0,-2025.0
2047.0,-2048.0
613.0,-312.0
-2048.0,1931.0
-2048.0,1925.0
-2048.0,2047.0
-802.0,905.0
1876.0,-1704.0
2033.0,-2028.0
2047.0,-2048.0
1617.0,-1353.0
-1009.0,1150.0
-2048.0,2044.0
-2048.0,1977.0
-2048.0,2020.0
-2048.0,1979.0
-2048.0,2043.0
-1690.0,1785.0
305.0,-25.0
1786.0,-1653.0
2047.0,-2048.0
2007.0,-1999.0
2047.0,-2048.0
1205.0,-1007.0
-104.0,285.0
-557.0,783.0
-506.0,719.0
-52.0,255.0
283.0,-97.0
389.0,-204.0
235.0,-56.0
72.0,115.0
7.0,193.0
63.0,141.0
131.0,63.0
148.0,36.0
97.0,80.0
55.0,127.0
57.0,136.0
89.0,106.0
123.0,73.0
135.0,61.0
120.0,72.0
92.0,100.0
87.0,108.0
106.0,84.0
125.0,63.0
119.0,73.0
102.0,101.0
97.0,112.0
108.0,90.0
132.0,58.0
147.0,50.0
125.0,76.0
67.0,149.0
4.0,218.0
17.0,202.0
144.0,29.0
325.0,-193.0
404.0,-314.0
235.0,-69.0
-251.0,548.0
-930.0,1539.0
-1640.0,2031.0
-2048.0,1982.0
-2048.0,2010.0
-2048.0,1991.0
-2048.0,2006.0
-2048.0,1995.0
-1881.0,2004.0
-1985.0,1996.0
-2048.0,2003.0
-2048.0,1995.0
-2048.0,2003.0
-1895.0,1993.0
-1776.0,2003.0
-1828.0,1988.0
-2036.0,2007.0
-2048.0,1980.0
-2048.0,2017.0
-2048.0,1958.0
-1335.0,2047.0
-191.0,722.0
1005.0,-1471.0
1965.0,-2048.0
2047.0,-2042.0
2047.0,-2048.0
2047.0,-2043.0
2047.0,-2048.0
1332.0,-1894.0
168.0,-89.0
-762.0,1646.0
-1592.0,2037.0
-2048.0,1983.0
-2048.0,2000.0
-2048.0,1996.0
-2048.0,1990.0
-1007.0,1921.0
488.0,-619.0
1692.0,-2048.0
2047.0,-1897.0
1768.0,-2048.0
325.0,-365.0
-1164.0,2047.0
-1912.0,1848.0
-1598.0,2047.0
-304.0,954.0
1260.0,-1954.0
2047.0,-1997.0
1913.0,-2048.0
833.0,-1459.0
-603.0,1549.0
-1616.0,2044.0
-1992.0,1976.0
-1849.0,2005.0
-1498.0,1989.0
-1251.0,2000.0
-1209.0,1992.0
-1288.0,1997.0
-1351.0,1990.0
-1366.0,1995.0
-1317.0,1991.0
-1243.0,1994.0
-1202.0,1993.0
-1219.0,1994.0
-1255.0,1993.0
-1251.0,1993.0
-1217.0,1991.0
-1180.0,1991.0
-1155.0,1990.0
-1128.0,1990.0
-1107.0,1990.0
-1123.0,1990.0
-1151.0,1989.0
-1135.0,1989.0
-1102.0,1991.0
-1091.0,1990.0
-1070.0,1992.0
-1054.0,1988.0
-1067.0,1993.0
-1089.0,1986.0
-1059.0,1995.0
-961.0,1981.0
-885.0,1996.0
-897.0,1974.0
-995.0,2002.0
-1102.0,1964.0
-1130.0,2018.0
-968.0,1934.0
-608.0,2047.0
-23.0,710.0
629.0,-1693.0
1100.0,-2048.0
1394.0,-2048.0
1501.0,-2048.0
1403.0,-2048.0
1110.0,-2043.0
708.0,-2048.0
145.0,-6.0
-386.0,1901.0
-688.0,1975.0
-822.0,2004.0
-825.0,1974.0
-742.0,2001.0
-642.0,1975.0
-574.0,2000.0
-535.0,1974.0
-515.0,2005.0
-527.0,1970.0
-581.0,2012.0
-623.0,1956.0
-624.0,2032.0
-535.0,1918.0
-337.0,2047.0
63.0,511.0
511.0,-1896.0
752.0,-2048.0
853.0,-2048.0
832.0,-2048.0
759.0,-2048.0
692.0,-2048.0
652.0,-2048.0
625.0,-2048.0
602.0,-2048.0
590.0,-2048.0
628.0,-2048.0
671.0,-2037.0
656.0,-2048.0
571.0,-2001.0
457.0,-2048.0
195.0,-409.0
-84.0,1899.0
-201.0,1962.0
-247.0,2018.0
-207.0,1967.0
-160.0,2009.0
-136.0,1973.0
-110.0,2006.0
-85.0,1973.0
-80.0,2007.0
-69.0,1968.0
-60.0,2014.0
-27.0,1955.0
0.0,2034.0
18.0,1917.0
15.0,2047.0
105.0,524.0
220.0,-1911.0
214.0,-2048.0
192.0,-2048.0
147.0,-2048.0
126.0,-2048.0
137.0,-2048.0
152.0,-2048.0
139.0,-2048.0
110.0,-2048.0
90.0,-2048.0
86.0,-2048.0
65.0,-2037.0
49.0,-2048.0
59.0,-2001.0
138.0,-2048.0
165.0,-432.0
184.0,1873.0
295.0,1965.0
366.0,2016.0
383.0,1968.0
370.0,2009.0
365.0,1973.0
350.0,2005.0
357.0,1974.0
391.0,2006.0
444.0,1969.0
488.0,2013.0
535.0,1957.0
575.0,2032.0
556.0,1919.0
372.0,2047.0
157.0,509.0
-37.0,-1891.0
-271.0,-2048.0
-423.0,-2048.0
-452.0,-2048.0
-366.0,-2048.0
-286.0,-2048.0
-278.0,-2048.0
-311.0,-2048.0
-330.0,-2048.0
-352.0,-2048.0
-399.0,-2048.0
-493.0,-2038.0
-552.0,-2048.0
-490.0,-2004.0
-234.0,-2048.0
96.0,-429.0
455.0,1864.0
819.0,1968.0
999.0,2015.0
1013.0,1970.0
906.0,2008.0
807.0,1974.0
774.0,2004.0
806.0,1975.0
864.0,2006.0
924.0,1970.0
1002.0,2012.0
1123.0,1958.0
1200.0,2031.0
1095.0,1922.0
710.0,2047.0
211.0,466.0
-313.0,-1890.0
-806.0,-2048.0
-1048.0,-2048.0
-1051.0,-2048.0
-934.0,-2048.0
-811.0,-2048.0
-732.0,-2048.0
-704.0,-2048.0
-703.0,-2048.0
-760.0,-2048.0
-924.0,-2048.0
-1159.0,-2042.0
-1286.0,-2048.0
-1117.0,-2020.0
-537.0,-2048.0
216.0,260.0
967.0,2047.0
1416.0,1900.0
1257.0,2047.0
593.0,1553.0
-241.0,-1210.0
-1106.0,-2048.0
-1687.0,-2008.0
-1814.0,-2048.0
-1614.0,-2029.0
-1139.0,-2048.0
-514.0,-1898.0
102.0,-143.0
699.0,1600.0
1332.0,2028.0
1801.0,1979.0
1902.0,1995.0
1865.0,1984.0
1905.0,1993.0
1000.0,1881.0
-149.0,-655.0
-1116.0,-2048.0
-1647.0,-1910.0
-1142.0,-2048.0
-53.0,-521.0
1309.0,2047.0
1891.0,1842.0
1860.0,2047.0
521.0,811.0
-1057.0,-2048.0
-1986.0,-1924.0
-1609.0,-2048.0
-190.0,-757.0
1430.0,2047.0
1907.0,1830.0
1895.0,2047.0
539.0,684.0
-1191.0,-2048.0
-2026.0,-1922.0
-1681.0,-2048.0
-226.0,-840.0
1381.0,1956.0
1897.0,1904.0
1937.0,2047.0
965.0,1348.0
-799.0,-1570.0
-1869.0,-2048.0
-2003.0,-2046.0
-2018.0,-2048.0
-1791.0,-2048.0
-1346.0,-2048.0
-1618.0,-2048.0
-1942.0,-2048.0
-1983.0,-2048.0
-2027.0,-2046.0
-1229.0,-2048.0
-38.0,-479.0
971.0,1542.0
1843.0,2019.0
1862.0,1979.0
1911.0,1993.0
1843.0,1984.0
1959.0,2008.0
1480.0,1838.0
-120.0,-420.0
-1334.0,-2048.0
-2045.0,-1992.0
-1803.0,-2048.0
-580.0,-1292.0
1090.0,1410.0
1925.0,2039.0
1860.0,1975.0
1899.0,1995.0
1869.0,1987.0
1893.0,1985.0
1869.0,1993.0
1896.0,1979.0
1864.0,2002.0
1917.0,1972.0
1714.0,1954.0
-51.0,-304.0
-1607.0,-2048.0
-2022.0,-1981.0
-1961.0,-2048.0
-721.0,-1282.0
952.0,1082.0
1883.0,2034.0
1858.0,1954.0
1909.0,2018.0
1841.0,1949.0
1960.0,2047.0
1490.0,1612.0
-321.0,-594.0
-1693.0,-2024.0
-2025.0,-2030.0
-1995.0,-2048.0
-840.0,-1256.0
1036.0,1058.0
1903.0,2015.0
1867.0,1971.0
1899.0,2009.0
1855.0,1956.0
1929.0,2046.0
1608.0,1637.0
-403.0,-651.0
-1903.0,-2048.0
-1969.0,-2004.0
-2045.0,-2048.0
-225.0,-480.0
1841.0,1907.0
1805.0,1906.0
2022.0,2047.0
955.0,825.0
-1611.0,-1770.0
-1976.0,-2037.0
-2048.0,-2048.0
-1305.0,-1444.0
1155.0,999.0
1918.0,2023.0
1864.0,1956.0
1890.0,2019.0
1870.0,1945.0
1902.0,2047.0
1751.0,1572.0
12.0,-170.0
-1622.0,-1614.0
-2048.0,-2048.0
-1944.0,-2023.0
-2048.0,-2048.0
-959.0,-957.0
320.0,120.0
807.0,574.0
755.0,503.0
293.0,119.0
-56.0,-187.0
-167.0,-272.0
-22.0,-153.0
151.0,-11.0
229.0,55.0
173.0,17.0
103.0,-48.0
82.0,-66.0
125.0,-27.0
173.0,10.0
180.0,12.0
149.0,-14.0
111.0,-42.0
98.0,-49.0
120.0,-33.0
149.0,-25.0
150.0,-23.0
120.0,-31.0
96.0,-40.0
105.0,-33.0
135.0,-20.0
149.0,-12.0
132.0,-23.0
94.0,-46.0
78.0,-61.0
106.0,-48.0
188.0,2.0
264.0,56.0
249.0,44.0
77.0,-66.0
-145.0,-220.0
-261.0,-278.0
-24.0,-131.0
589.0,268.0
1541.0,852.0
1935.0,1469.0
1865.0,1914.0
1887.0,1999.0
1871.0,1976.0
1884.0,2002.0
1877.0,1941.0
1896.0,1730.0
1884.0,1790.0
1888.0,1870.0
1877.0,1909.0
1890.0,1836.0
1885.0,1689.0
1903.0,1589.0
1883.0,1632.0
1895.0,1838.0
1856.0,1974.0
1899.0,1991.0
1833.0,1926.0
2006.0,1112.0
795.0,203.0
-1424.0,-776.0
-2048.0,-1655.0
-1980.0,-2048.0
-2012.0,-2045.0
-1979.0,-2048.0
-2043.0,-1901.0
-1869.0,-954.0
-37.0,-130.0
1624.0,699.0
1939.0,1356.0
1873.0,1864.0
1873.0,1981.0
1880.0,1997.0
1862.0,1895.0
1896.0,846.0
-546.0,-333.0
-2048.0,-1368.0
-1845.0,-1775.0
-2048.0,-1329.0
-342.0,-201.0
2047.0,1037.0
1742.0,1710.0
2047.0,1412.0
985.0,305.0
-1917.0,-973.0
-1957.0,-1715.0
-2048.0,-1551.0
-1432.0,-622.0
1536.0,538.0
1941.0,1406.0
1873.0,1714.0
1899.0,1564.0
1907.0,1261.0
1923.0,1031.0
1922.0,981.0
1921.0,1050.0
1911.0,1146.0
1912.0,1187.0
1911.0,1138.0
1918.0,1061.0
1919.0,1038.0
1919.0,1053.0
1917.0,1058.0
1919.0,1020.0
1920.0,959.0
1923.0,907.0
1923.0,890.0
1922.0,909.0
1922.0,911.0
1922.0,892.0
1922.0,880.0
1923.0,868.0
1926.0,845.0
1926.0,819.0
1929.0,800.0
1925.0,804.0
1929.0,820.0
1920.0,831.0
1931.0,802.0
1921.0,725.0
1940.0,658.0
1916.0,663.0
1941.0,740.0
1897.0,822.0
1952.0,839.0
1872.0,717.0
2047.0,435.0
772.0,33.0
-1650.0,-390.0
-2048.0,-724.0
-2048.0,-907.0
-2043.0,-954.0
-2048.0,-898.0
-2048.0,-728.0
-2048.0,-432.0
44.0,-73.0
1887.0,262.0
1922.0,489.0
1953.0,571.0
1920.0,556.0
1952.0,504.0
1928.0,444.0
1957.0,382.0
1933.0,324.0
1966.0,301.0
1928.0,329.0
1970.0,363.0
1912.0,391.0
1989.0,388.0
1877.0,315.0
2047.0,174.0
580.0,-23.0
-1879.0,-217.0
-2048.0,-342.0
-2048.0,-392.0
-2048.0,-371.0
-2048.0,-323.0
-2048.0,-301.0
-2048.0,-268.0
-2048.0,-223.0
-2048.0,-207.0
-2048.0,-220.0
-2048.0,-232.0
-2048.0,-239.0
-2048.0,-223.0
-2032.0,-174.0
-2048.0,-108.0
-383.0,-56.0
1882.0,-35.0
1936.0,-18.0
1996.0,-8.0
1943.0,-25.0
1989.0,-56.0
1953.0,-95.0
1988.0,-120.0
1954.0,-114.0
1989.0,-113.0
1950.0,-124.0
1997.0,-145.0
1941.0,-185.0
2021.0,-220.0
1903.0,-215.0
2047.0,-171.0
575.0,-80.0
-1903.0,46.0
-2048.0,158.0
-2048.0,212.0
-2048.0,217.0
-2048.0,211.0
-2048.0,201.0
-2048.0,197.0
-2048.0,206.0
-2048.0,213.0
-2048.0,236.0
-2048.0,293.0
-2048.0,356.0
-2048.0,388.0
-2048.0,367.0
-2048.0,236.0
-387.0,-27.0
1899.0,-338.0
1967.0,-595.0
2031.0,-710.0
1980.0,-716.0
2021.0,-688.0
1981.0,-632.0
2010.0,-565.0
1976.0,-538.0
2012.0,-575.0
1977.0,-646.0
2026.0,-731.0
1974.0,-824.0
2047.0,-862.0
1931.0,-765.0
2047.0,-503.0
573.0,-113.0
-1907.0,320.0
-2048.0,666.0
-2048.0,846.0
-2048.0,857.0
-2048.0,776.0
-2048.0,710.0
-2048.0,677.0
-2048.0,675.0
-2048.0,697.0
-2048.0,746.0
-2048.0,852.0
-2048.0,995.0
-2048.0,1061.0
-2048.0,933.0
-2048.0,582.0
-402.0,33.0
1881.0,-584.0
1995.0,-1066.0
2047.0,-1287.0
2009.0,-1287.0
2042.0,-1182.0
2003.0,-1075.0
2030.0,-1012.0
1999.0,-996.0
2031.0,-1012.0
1999.0,-1071.0
2047.0,-1215.0
2002.0,-1378.0
2047.0,-1436.0
1963.0,-1301.0
2047.0,-881.0
520.0,-178.0
-1920.0,607.0
-2048.0,1185.0
-2048.0,1433.0
-2048.0,1426.0
-2048.0,1307.0
-2048.0,1188.0
-2048.0,1119.0
-2048.0,1077.0
-2048.0,1059.0
-2048.0,1132.0
-2048.0,1334.0
-2048.0,1584.0
-2048.0,1701.0
-2048.0,1476.0
-2048.0,815.0
291.0,-166.0
2047.0,-1130.0
1966.0,-1646.0
2047.0,-1453.0
1613.0,-664.0
-1197.0,421.0
-2048.0,1391.0
-2048.0,1961.0
-2048.0,1954.0
-2048.0,2029.0
-2048.0,1536.0
-1940.0,742.0
-104.0,10.0
1642.0,-787.0
2047.0,-1469.0
2047.0,-2002.0
2047.0,-2048.0
2047.0,-2048.0
2047.0,-2048.0
1937.0,-1108.0
-633.0,287.0
-2048.0,1440.0
-2045.0,1992.0
-2048.0,1479.0
-526.0,152.0
2047.0,-1436.0
1928.0,-2048.0
2047.0,-2003.0
871.0,-511.0
-2048.0,1404.0
-2048.0,1998.0
-2048.0,1971.0
-781.0,432.0
2047.0,-1618.0
1912.0,-2048.0
2047.0,-2048.0
764.0,-539.0
-2048.0,1494.0
-2048.0,1994.0
-2048.0,1975.0
-842.0,504.0
2015.0,-1533.0
1983.0,-2048.0
2047.0,-2048.0
1434.0,-1016.0
-1594.0,1059.0
-2048.0,1968.0
-2048.0,1988.0
-2048.0,1964.0
-2048.0,2008.0
-2048.0,1802.0
-2048.0,1844.0
-2048.0,2023.0
-2048.0,1931.0
-2048.0,2047.0
-2048.0,1607.0
-415.0,162.0
1583.0,-1061.0
2047.0,-2037.0
2047.0,-2048.0
2047.0,-2048.0
2047.0,-2023.0
2047.0,-2048.0
1914.0,-1563.0
-351.0,239.0
-2048.0,1677.0
-2048.0,1997.0
-2048.0,2016.0
-1301.0,944.0
1474.0,-1212.0
2047.0,-2048.0
2047.0,-2048.0
2047.0,-2048.0
2047.0,-2048.0
2047.0,-2048.0
2047.0,-2048.0
2047.0,-2048.0
2047.0,-2048.0
2047.0,-2048.0
2031.0,-1845.0
-249.0,192.0
-2048.0,1831.0
-2048.0,1957.0
-2048.0,2047.0
-1248.0,1035.0
1160.0,-1011.0
2047.0,-2048.0
2035.0,-2048.0
2047.0,-2048.0
2028.0,-2032.0
2047.0,-2048.0
1701.0,-1572.0
-542.0,483.0
-2048.0,1851.0
-2048.0,1970.0
-2048.0,2047.0
-1259.0,1094.0
1134.0,-1072.0
2047.0,-2048.0
2047.0,-2048.0
2047.0,-2048.0
2034.0,-2043.0
2047.0,-2048.0
1720.0,-1693.0
-619.0,609.0
-2048.0,2010.0
-2048.0,1916.0
-2048.0,2047.0
-449.0,386.0
1980.0,-2026.0
1982.0,-1975.0
2047.0,-2048.0
902.0,-892.0
-1821.0,1741.0
-2048.0,1955.0
-2048.0,2047.0
-1463.0,1482.0
1085.0,-1155.0
2047.0,-2048.0
2036.0,-2037.0
2047.0,-2048.0
2025.0,-2046.0
2047.0,-2048.0
1699.0,-1828.0
-114.0,131.0
-1647.0,1736.0
-2048.0,2044.0
-2048.0,1923.0
-2048.0,2047.0
-915.0,1173.0
170.0,-267.0
648.0,-781.0
563.0,-739.0
173.0,-233.0
-151.0,147.0
-234.0,274.0
-108.0,107.0
42.0,-75.0
98.0,-155.0
49.0,-92.0
-13.0,-13.0
-26.0,14.0
9.0,-32.0
45.0,-83.0
55.0,-95.0
35.0,-65.0
8.0,-29.0
1.0,-14.0
10.0,-34.0
24.0,-69.0
22.0,-79.0
2.0,-55.0
-8.0,-29.0
-3.0,-33.0
13.0,-61.0
28.0,-79.0
20.0,-62.0
-12.0,-17.0
-29.0,7.0
-1.0,-24.0
61.0,-117.0
109.0,-192.0
90.0,-174.0
-25.0,18.0
-176.0,260.0
-243.0,386.0
-94.0,124.0
316.0,-528.0
919.0,-1587.0
1521.0,-2048.0
1947.0,-2048.0
2047.0,-2048.0
2045.0,-2048.0
2047.0,-2048.0
1866.0,-2048.0
1730.0,-2048.0
1804.0,-2048.0
1876.0,-2048.0
1934.0,-2048.0
1856.0,-2048.0
1694.0,-2048.0
1597.0,-2048.0
1644.0,-2048.0
1851.0,-2048.0
2026.0,-2048.0
2047.0,-2048.0
1863.0,-2029.0
1204.0,-2048.0
296.0,-664.0
-757.0,1541.0
-1562.0,2014.0
-2048.0,1981.0
-2048.0,1989.0
-2048.0,1987.0
-1723.0,1996.0
-947.0,1912.0
-111.0,158.0
763.0,-1696.0
1390.0,-2048.0
1882.0,-2048.0
2043.0,-2048.0
2047.0,-2048.0
1938.0,-2048.0
918.0,-1960.0
-295.0,700.0
-1338.0,2047.0
-1719.0,1824.0
-1345.0,2047.0
-188.0,409.0
1091.0,-2048.0
1680.0,-1908.0
1422.0,-2048.0
355.0,-914.0
-952.0,1952.0
-1629.0,1918.0
-1489.0,2047.0
-613.0,1477.0
592.0,-1561.0
1387.0,-2048.0
1657.0,-2034.0
1538.0,-2048.0
1281.0,-2048.0
1104.0,-2048.0
1050.0,-2048.0
1098.0,-2048.0
1178.0,-2048.0
1193.0,-2048.0
1145.0,-2048.0
1102.0,-2048.0
1089.0,-2048.0
1088.0,-2048.0
1080.0,-2048.0
1064.0,-2048.0
1041.0,-2048.0
1014.0,-2048.0
999.0,-2048.0
981.0,-2048.0
957.0,-2048.0
940.0,-2048.0
922.0,-2048.0
909.0,-2048.0
911.0,-2048.0
899.0,-2048.0
877.0,-2048.0
862.0,-2048.0
851.0,-2048.0
844.0,-2048.0
819.0,-2048.0
757.0,-2048.0
707.0,-2048.0
707.0,-2045.0
757.0,-2048.0
828.0,-2034.0
849.0,-2048.0
724.0,-2005.0
476.0,-2048.0
82.0,-659.0
-351.0,1695.0
-642.0,1995.0
-804.0,2018.0
-850.0,1972.0
-832.0,2029.0
-683.0,1957.0
-421.0,2033.0
-26.0,89.0
328.0,-1943.0
509.0,-2047.0
603.0,-2048.0
604.0,-2044.0
530.0,-2048.0
443.0,-2045.0
391.0,-2048.0
357.0,-2044.0
345.0,-2048.0
350.0,-2040.0
384.0,-2048.0
414.0,-2026.0
398.0,-2048.0
324.0,-1989.0
232.0,-2048.0
20.0,-454.0
-205.0,1888.0
-282.0,1974.0
-318.0,2027.0
-284.0,1978.0
-254.0,2018.0
-238.0,1983.0
-212.0,2015.0
-200.0,1983.0
-198.0,2016.0
-175.0,1978.0
-172.0,2023.0
-195.0,1966.0
-194.0,2043.0
-119.0,1928.0
-79.0,2047.0
-23.0,487.0
50.0,-1900.0
33.0,-2041.0
27.0,-2048.0
26.0,-2040.0
34.0,-2048.0
16.0,-2044.0
-18.0,-2048.0
-35.0,-2044.0
-35.0,-2048.0
-65.0,-2039.0
-132.0,-2048.0
-219.0,-2026.0
-239.0,-2048.0
-178.0,-1990.0
-59.0,-2048.0
-5.0,-442.0
54.0,1889.0
196.0,1975.0
270.0,2026.0
308.0,1978.0
287.0,2018.0
256.0,1983.0
243.0,2015.0
255.0,1983.0
280.0,2016.0
329.0,1979.0
399.0,2023.0
471.0,1966.0
503.0,2042.0
448.0,1929.0
242.0,2047.0
7.0,494.0
-228.0,-1887.0
-504.0,-2043.0
-651.0,-2048.0
-667.0,-2041.0
-601.0,-2048.0
-528.0,-2045.0
-468.0,-2048.0
-467.0,-2045.0
-527.0,-2048.0
-598.0,-2040.0
-677.0,-2048.0
-797.0,-2029.0
-860.0,-2048.0
-760.0,-1994.0
-444.0,-2048.0
-63.0,-434.0
331.0,1871.0
715.0,1980.0
901.0,2023.0
908.0,1981.0
824.0,2017.0
730.0,1985.0
676.0,2014.0
698.0,1985.0
751.0,2015.0
820.0,1981.0
929.0,2021.0
1081.0,1969.0
1138.0,2038.0
1002.0,1935.0
604.0,2047.0
75.0,501.0
-482.0,-1866.0
-1014.0,-2048.0
-1299.0,-2048.0
-1307.0,-2044.0
-1149.0,-2048.0
-1010.0,-2047.0
-953.0,-2048.0
-954.0,-2047.0
-984.0,-2048.0
-1069.0,-2042.0
-1228.0,-2048.0
-1408.0,-2032.0
-1459.0,-2048.0
-1288.0,-2001.0
-799.0,-2048.0
-127.0,-379.0
608.0,1863.0
1262.0,1984.0
1588.0,2021.0
1589.0,1983.0
1404.0,2013.0
1233.0,1985.0
1166.0,2010.0
1151.0,1985.0
1133.0,2010.0
1182.0,1982.0
1411.0,2015.0
1703.0,1973.0
1848.0,2031.0
1609.0,1950.0
854.0,2047.0
-109.0,-170.0
-1054.0,-2048.0
-1603.0,-1971.0
-1403.0,-2048.0
-586.0,-1524.0
440.0,1231.0
1487.0,2047.0
1895.0,1948.0
1820.0,2026.0
1900.0,1968.0
1690.0,2028.0
769.0,1876.0
37.0,225.0
-697.0,-1540.0
-1417.0,-2048.0
-1961.0,-2041.0
-2025.0,-2048.0
-1997.0,-2041.0
-2026.0,-2048.0
-1017.0,-1862.0
312.0,714.0
1428.0,2047.0
1931.0,1861.0
1628.0,2047.0
206.0,584.0
-1351.0,-2048.0
-2048.0,-1922.0
-1952.0,-2048.0
-497.0,-756.0
1404.0,2047.0
1856.0,1855.0
1901.0,2047.0
511.0,787.0
-1560.0,-2048.0
-2017.0,-1917.0
-2021.0,-2048.0
-471.0,-657.0
1466.0,2047.0
1852.0,1857.0
1890.0,2047.0
543.0,870.0
-1462.0,-1946.0
-1991.0,-1984.0
-2048.0,-2048.0
-947.0,-1301.0
1048.0,1562.0
1864.0,2030.0
1848.0,1988.0
1858.0,1996.0
1849.0,1997.0
1860.0,1992.0
1845.0,2000.0
1866.0,1986.0
1832.0,2006.0
1898.0,1976.0
1623.0,2014.0
210.0,505.0
-986.0,-1429.0
-1952.0,-2048.0
-1991.0,-2041.0
-2043.0,-2048.0
-1963.0,-2037.0
-2048.0,-2048.0
-1502.0,-1776.0
284.0,463.0
1642.0,1979.0
1855.0,1943.0
1914.0,2047.0
990.0,1287.0
-1169.0,-1303.0
-2021.0,-2048.0
-2010.0,-2044.0
-2011.0,-2048.0
-2009.0,-2048.0
-2011.0,-2048.0
-2004.0,-2048.0
-2018.0,-2048.0
-1995.0,-2048.0
-2045.0,-2048.0
-1805.0,-1894.0
257.0,351.0
1789.0,2001.0
1813.0,1933.0
1949.0,2047.0
1055.0,1236.0
-960.0,-953.0
-2000.0,-2048.0
-1993.0,-2034.0
-2032.0,-2048.0
-1970.0,-2010.0
-2048.0,-2048.0
-1534.0,-1486.0
514.0,615.0
1785.0,1932.0
1834.0,1973.0
1936.0,2047.0
1162.0,1204.0
-1012.0,-927.0
-2023.0,-2035.0
-1995.0,-2048.0
-2028.0,-2048.0
-1978.0,-2018.0
-2048.0,-2048.0
-1646.0,-1509.0
618.0,665.0
1905.0,1973.0
1782.0,1963.0
1994.0,2047.0
449.0,520.0
-1967.0,-1823.0
-1905.0,-2014.0
-2048.0,-2048.0
-857.0,-678.0
1688.0,1687.0
1824.0,1970.0
1929.0,2047.0
1456.0,1377.0
-1085.0,-862.0
-2048.0,-2037.0
-1970.0,-2039.0
-2033.0,-2048.0
-1984.0,-2014.0
-2046.0,-2048.0
-1802.0,-1373.0
169.0,213.0
1689.0,1511.0
1905.0,2047.0
1803.0,1963.0
1960.0,2004.0
1207.0,891.0
-248.0,-44.0
-735.0,-464.0
-687.0,-394.0
-180.0,-56.0
184.0,232.0
307.0,303.0
146.0,185.0
-32.0,48.0
-114.0,-1.0
-50.0,47.0
30.0,101.0
47.0,107.0
-8.0,71.0
-58.0,39.0
-64.0,39.0
-27.0,64.0
8.0,82.0
14.0,88.0
-7.0,83.0
-33.0,73.0
-34.0,74.0
-6.0,84.0
24.0,90.0
14.0,76.0
-16.0,64.0
-27.0,66.0
-16.0,75.0
19.0,92.0
44.0,104.0
21.0,90.0
-67.0,49.0
-145.0,7.0
-132.0,16.0
49.0,111.0
285.0,240.0
410.0,292.0
154.0,167.0
-485.0,-178.0
-1523.0,-682.0
-2048.0,-1199.0
-2011.0,-1594.0
-2030.0,-1785.0
-2012.0,-1764.0
-2035.0,-1620.0
-2031.0,-1470.0
-2044.0,-1384.0
-2035.0,-1403.0
-2037.0,-1507.0
-2025.0,-1573.0
-2037.0,-1512.0
-2033.0,-1361.0
-2048.0,-1259.0
-2031.0,-1293.0
-2044.0,-1443.0
-2007.0,-1600.0
-2045.0,-1638.0
-1995.0,-1412.0
-2048.0,-883.0
-649.0,-129.0
1535.0,661.0
1914.0,1362.0
1866.0,1842.0
1855.0,2018.0
1870.0,1921.0
1885.0,1436.0
1886.0,835.0
231.0,143.0
-1648.0,-506.0
-2048.0,-1062.0
-2021.0,-1478.0
-2020.0,-1726.0
-2017.0,-1702.0
-2040.0,-1332.0
-1954.0,-608.0
706.0,337.0
2047.0,1171.0
1725.0,1485.0
2047.0,1115.0
467.0,216.0
-2048.0,-745.0
-1878.0,-1249.0
-2048.0,-1010.0
-885.0,-172.0
1922.0,778.0
1819.0,1338.0
2006.0,1232.0
1479.0,545.0
-1512.0,-351.0
-2048.0,-1038.0
-1997.0,-1303.0
-2048.0,-1202.0
-2039.0,-955.0
-2048.0,-770.0
-2048.0,-730.0
-2048.0,-787.0
-2048.0,-837.0
-2048.0,-823.0
-2048.0,-752.0
-2048.0,-689.0
-2048.0,-680.0
-2048.0,-707.0
-2048.0,-729.0
-2048.0,-706.0
-2048.0,-639.0
-2048.0,-599.0
-2048.0,-584.0
-2048.0,-576.0
-2048.0,-578.0
-2048.0,-565.0
-2048.0,-546.0
-2048.0,-536.0
-2048.0,-517.0
-2048.0,-488.0
-2048.0,-475.0
-2048.0,-471.0
-2048.0,-472.0
-2048.0,-470.0
-2048.0,-444.0
-2048.0,-399.0
-2048.0,-361.0
-2048.0,-355.0
-2048.0,-391.0
-2048.0,-444.0
-2048.0,-471.0
-2023.0,-413.0
-2048.0,-224.0
-615.0,30.0
1700.0,261.0
1942.0,435.0
1968.0,535.0
1913.0,569.0
1980.0,516.0
1905.0,383.0
2017.0,239.0
151.0,97.0
-1933.0,-46.0
-2048.0,-138.0
-2048.0,-165.0
-2048.0,-144.0
-2048.0,-96.0
-2048.0,-55.0
-2048.0,-29.0
-2048.0,-8.0
-2048.0,6.0
-2048.0,23.0
-2048.0,54.0
-2048.0,74.0
-2048.0,72.0
-2032.0,83.0
-2048.0,102.0
-431.0,104.0
1874.0,71.0
1943.0,32.0
2002.0,2.0
1951.0,-11.0
1992.0,12.0
1954.0,29.0
1989.0,11.0
1957.0,-8.0
1992.0,-35.0
1956.0,-84.0
2003.0,-128.0
1947.0,-157.0
2025.0,-164.0
1907.0,-142.0
2047.0,-61.0
547.0,73.0
-1918.0,246.0
-2048.0,396.0
-2048.0,479.0
-2048.0,494.0
-2048.0,466.0
-2048.0,453.0
-2048.0,457.0
-2048.0,489.0
-2048.0,532.0
-2048.0,550.0
-2048.0,585.0
-2048.0,658.0
-2048.0,715.0
-2048.0,667.0
-2048.0,465.0
-419.0,153.0
1885.0,-179.0
1967.0,-445.0
2032.0,-597.0
1982.0,-616.0
2021.0,-555.0
1981.0,-486.0
2012.0,-460.0
1981.0,-483.0
2016.0,-529.0
1981.0,-582.0
2029.0,-664.0
1978.0,-758.0
2047.0,-784.0
1935.0,-673.0
2047.0,-396.0
558.0,35.0
-1904.0,513.0
-2048.0,883.0
-2048.0,1076.0
-2048.0,1105.0
-2048.0,1027.0
-2048.0,941.0
-2048.0,882.0
-2048.0,881.0
-2048.0,912.0
-2048.0,947.0
-2048.0,1036.0
-2048.0,1171.0
-2048.0,1241.0
-2048.0,1123.0
-2048.0,763.0
-401.0,196.0
1879.0,-425.0
1996.0,-920.0
2047.0,-1206.0
2015.0,-1257.0
2047.0,-1158.0
2008.0,-1021.0
2033.0,-924.0
2003.0,-901.0
2034.0,-933.0
2004.0,-1019.0
2047.0,-1175.0
2010.0,-1348.0
2047.0,-1415.0
1969.0,-1236.0
2047.0,-751.0
573.0,-24.0
-1882.0,773.0
-2048.0,1406.0
-2048.0,1719.0
-2048.0,1740.0
-2048.0,1606.0
-2048.0,1443.0
-2048.0,1340.0
-2048.0,1332.0
-2048.0,1370.0
-2048.0,1443.0
-2048.0,1584.0
-2048.0,1773.0
-2048.0,1882.0
-2048.0,1701.0
-2048.0,1129.0
-356.0,242.0
1874.0,-728.0
2031.0,-1471.0
2047.0,-1810.0
2045.0,-1779.0
2047.0,-1590.0
2029.0,-1428.0
2047.0,-1346.0
2023.0,-1306.0
2047.0,-1302.0
2024.0,-1383.0
2047.0,-1619.0
2042.0,-1915.0
2047.0,-2048.0
2017.0,-1865.0
2047.0,-1000.0
-112.0,207.0
-2048.0,1375.0
-2048.0,1965.0
-2048.0,1766.0
-1529.0,817.0
1271.0,-482.0
2047.0,-1677.0
2036.0,-2048.0
2047.0,-2017.0
2047.0,-2048.0
2047.0,-1879.0
1919.0,-905.0
263.0,22.0
-1527.0,928.0
-2048.0,1771.0
-2048.0,2015.0
-2048.0,2014.0
-2048.0,1970.0
-2048.0,2047.0
-1931.0,1410.0
767.0,-334.0
2047.0,-1589.0
1948.0,-2048.0
2047.0,-1797.0
649.0,-170.0
-2048.0,1650.0
-2048.0,2002.0
-2048.0,2047.0
-783.0,702.0
2047.0,-1600.0
1932.0,-2039.0
2047.0,-2048.0
859.0,-472.0
-2048.0,1784.0
-2048.0,1961.0
-2048.0,2047.0
-656.0,686.0
2047.0,-1661.0
1931.0,-2033.0
2047.0,-2048.0
950.0,-523.0
-2008.0,1693.0
-2048.0,1975.0
-2048.0,2047.0
-1350.0,1199.0
1614.0,-1144.0
2047.0,-2048.0
2047.0,-2048.0
2047.0,-2048.0
2047.0,-2048.0
2047.0,-2015.0
2047.0,-1963.0
2047.0,-2048.0
2047.0,-2005.0
2046.0,-2048.0
2047.0,-1699.0
579.0,-158.0
-1438.0,1209.0
-2048.0,2031.0
-2048.0,1966.0
-2048.0,2038.0
-2048.0,1959.0
-2048.0,2047.0
-1851.0,1683.0
517.0,-219.0
2037.0,-1790.0
2024.0,-2046.0
2047.0,-2048.0
1381.0,-973.0
-1325.0,1335.0
-2048.0,2033.0
-2048.0,1996.0
-2048.0,2003.0
-2048.0,2002.0
-2048.0,2000.0
-2048.0,2002.0
-2048.0,2001.0
-2048.0,2002.0
-2048.0,2008.0
-1986.0,1914.0
417.0,-140.0
2047.0,-1948.0
2005.0,-2010.0
2047.0,-2048.0
1329.0,-1059.0
-962.0,1116.0
-2048.0,2031.0
-2048.0,1977.0
-2048.0,2024.0
-2048.0,1969.0
-2048.0,2047.0
-1525.0,1672.0
674.0,-465.0
2004.0,-1971.0
2047.0,-2027.0
2047.0,-2048.0
1303.0,-1167.0
-903.0,1183.0
-2048.0,2044.0
-2048.0,1985.0
-2048.0,2017.0
-2048.0,1981.0
-2048.0,2036.0
-1541.0,1771.0
732.0,-566.0
2047.0,-2048.0
2038.0,-1958.0
2047.0,-2048.0
579.0,-356.0
-1863.0,2045.0
-2048.0,1882.0
-2048.0,2047.0
-680.0,950.0
1738.0,-1824.0
2039.0,-2027.0
2047.0,-2048.0
1454.0,-1518.0
-829.0,1242.0
-2048.0,2047.0
-2048.0,1976.0
-2048.0,2012.0
-2048.0,1995.0
-2048.0,2011.0
-1378.0,1896.0
258.0,-59.0
1616.0,-1821.0
2047.0,-2048.0
2026.0,-2003.0
2047.0,-2048.0
979.0,-1192.0
-36.0,328.0
-461.0,858.0
-389.0,805.0
-30.0,270.0
262.0,-128.0
342.0,-262.0
231.0,-89.0
95.0,100.0
29.0,197.0
69.0,142.0
128.0,53.0
149.0,21.0
119.0,72.0
88.0,121.0
85.0,128.0
108.0,100.0
136.0,60.0
141.0,42.0
118.0,62.0
97.0,92.0
100.0,99.0
117.0,77.0
133.0,56.0
127.0,64.0
107.0,86.0
98.0,92.0
105.0,75.0
122.0,41.0
139.0,26.0
135.0,56.0
85.0,149.0
27.0,231.0
33.0,213.0
137.0,20.0
276.0,-232.0
343.0,-355.0
218.0,-88.0
-150.0,588.0
-706.0,1635.0
-1253.0,2037.0
-1648.0,1980.0
-1832.0,2010.0
-1808.0,1990.0
-1659.0,2006.0
-1501.0,1994.0
-1431.0,2004.0
-1467.0,1995.0
-1542.0,2003.0
-1568.0,1994.0
-1509.0,2004.0
-1379.0,1990.0
-1281.0,2004.0
-1294.0,1985.0
-1426.0,2009.0
-1587.0,1975.0
-1636.0,2022.0
-1417.0,1947.0
-898.0,2047.0
-103.0,769.0
782.0,-1558.0
1466.0,-2048.0
1899.0,-2048.0
2047.0,-2048.0
1922.0,-2048.0
1533.0,-2048.0
941.0,-1962.0
199.0,-114.0
-501.0,1718.0
-1037.0,2020.0
-1420.0,1994.0
-1613.0,1990.0
-1583.0,2005.0
-1262.0,1979.0
-610.0,1948.0
381.0,-658.0
1224.0,-2048.0
1515.0,-1884.0
1205.0,-2048.0
278.0,-374.0
-750.0,2047.0
-1202.0,1835.0
-998.0,2047.0
-157.0,953.0
891.0,-1999.0
1423.0,-1991.0
1304.0,-2048.0
607.0,-1486.0
-358.0,1573.0
-995.0,2046.0
-1205.0,1973.0
-1098.0,2006.0
-891.0,1988.0
-732.0,2000.0
-680.0,1991.0
-712.0,1997.0
-742.0,1989.0
-735.0,1994.0
-704.0,1990.0
-664.0,1993.0
-640.0,1992.0
-660.0,1994.0
-681.0,1992.0
-684.0,1993.0
-659.0,1990.0
-622.0,1990.0
-588.0,1990.0
-561.0,1989.0
-555.0,1989.0
-557.0,1989.0
-555.0,1989.0
-545.0,1989.0
-530.0,1991.0
-530.0,1989.0
-525.0,1991.0
-492.0,1987.0
-475.0,1992.0
-476.0,1985.0
-442.0,1995.0
-371.0,1980.0
-323.0,1996.0
-326.0,1973.0
-375.0,2003.0
-428.0,1962.0
-424.0,2019.0
-333.0,1931.0
-188.0,2047.0
64.0,713.0
364.0,-1706.0
543.0,-2048.0
639.0,-2048.0
657.0,-2047.0
597.0,-2048.0
480.0,-2036.0
364.0,-2048.0
144.0,-28.0
-55.0,1908.0
-131.0,1971.0
-164.0,2006.0
-158.0,1972.0
-122.0,2001.0
-73.0,1974.0
-32.0,2000.0
-16.0,1973.0
-11.0,2005.0
8.0,1969.0
28.0,2012.0
60.0,1955.0
70.0,2033.0
77.0,1916.0
56.0,2047.0
109.0,512.0
190.0,-1900.0
160.0,-2048.0
125.0,-2048.0
95.0,-2048.0
98.0,-2048.0
98.0,-2048.0
87.0,-2048.0
63.0,-2048.0
54.0,-2048.0
39.0,-2048.0
7.0,-2048.0
-52.0,-2037.0
-77.0,-2048.0
-46.0,-2002.0
60.0,-2048.0
139.0,-435.0
227.0,1875.0
381.0,1965.0
453.0,2016.0
478.0,1968.0
467.0,2008.0
432.0,1973.0
396.0,2004.0
402.0,1973.0
422.0,2006.0
457.0,1968.0
521.0,2012.0
614.0,1956.0
664.0,2032.0
621.0,1918.0
417.0,2047.0
169.0,499.0
-76.0,-1899.0
-341.0,-2048.0
-466.0,-2048.0
-485.0,-2048.0
-450.0,-2048.0
-394.0,-2048.0
-353.0,-2048.0
-354.0,-2048.0
-385.0,-2048.0
-452.0,-2048.0
-558.0,-2048.0
-671.0,-2039.0
-706.0,-2048.0
-609.0,-2004.0
-298.0,-2048.0
82.0,-454.0
480.0,1856.0
895.0,1970.0
1109.0,2013.0
1128.0,1970.0
1053.0,2006.0
966.0,1974.0
899.0,2003.0
875.0,1975.0
891.0,2004.0
953.0,1970.0
1080.0,2010.0
1224.0,1959.0
1269.0,2028.0
1153.0,1924.0
766.0,2047.0
233.0,475.0
-317.0,-1878.0
-807.0,-2048.0
-1067.0,-2048.0
-1088.0,-2048.0
-957.0,-2048.0
-842.0,-2048.0
-796.0,-2048.0
-789.0,-2048.0
-811.0,-2048.0
-889.0,-2048.0
-1032.0,-2048.0
-1205.0,-2042.0
-1279.0,-2048.0
-1122.0,-2012.0
-637.0,-2048.0
26.0,-442.0
738.0,1825.0
1374.0,1979.0
1676.0,2008.0
1684.0,1974.0
1548.0,2003.0
1403.0,1977.0
1311.0,2001.0
1302.0,1977.0
1350.0,2002.0
1425.0,1973.0
1552.0,2007.0
1742.0,1963.0
1863.0,2023.0
1691.0,1933.0
1086.0,2047.0
256.0,450.0
-630.0,-1849.0
-1365.0,-2048.0
-1696.0,-2048.0
-1685.0,-2048.0
-1509.0,-2048.0
-1335.0,-2048.0
-1246.0,-2048.0
-1205.0,-2048.0
-1195.0,-2048.0
-1287.0,-2048.0
-1532.0,-2048.0
-1835.0,-2048.0
-2015.0,-2048.0
-1815.0,-2040.0
-921.0,-2048.0
215.0,221.0
1377.0,2039.0
1887.0,1913.0
1843.0,2047.0
832.0,1499.0
-432.0,-1171.0
-1602.0,-2048.0
-2048.0,-2014.0
-1955.0,-2048.0
-2048.0,-2025.0
-1798.0,-2048.0
-784.0,-1840.0
76.0,-142.0
929.0,1493.0
1728.0,2043.0
1896.0,1965.0
1897.0,2006.0
1855.0,1971.0
1956.0,2012.0
1407.0,1819.0
-282.0,-649.0
-1515.0,-2048.0
-2048.0,-1936.0
-1730.0,-2048.0
-135.0,-533.0
1580.0,2015.0
1882.0,1863.0
1958.0,2047.0
781.0,794.0
-1523.0,-2048.0
-1983.0,-1943.0
-2048.0,-2048.0
-411.0,-769.0
1733.0,2033.0
1834.0,1853.0
2001.0,2047.0
719.0,685.0
-1583.0,-2048.0
-1985.0,-1943.0
-2042.0,-2048.0
-471.0,-830.0
1616.0,1891.0
1855.0,1915.0
1975.0,2047.0
1205.0,1295.0
-1076.0,-1503.0
-2006.0,-2048.0
-1996.0,-2046.0
-1994.0,-2048.0
-2011.0,-2048.0
-1941.0,-2048.0
-1909.0,-2048.0
-2044.0,-2048.0
-1948.0,-2048.0
-2048.0,-2048.0
-1657.0,-2004.0
-135.0,-413.0
1229.0,1363.0
1934.0,2032.0
1847.0,1961.0
1917.0,2012.0
1849.0,1959.0
1941.0,2044.0
1660.0,1718.0
-146.0,-385.0
-1731.0,-1980.0
-1987.0,-2025.0
-2048.0,-2048.0
-899.0,-1210.0
1306.0,1281.0
1914.0,2022.0
1880.0,1979.0
1884.0,1993.0
1886.0,1984.0
1879.0,1990.0
1888.0,1983.0
1877.0,1994.0
1892.0,1978.0
1875.0,2012.0
1851.0,1833.0
-84.0,-270.0
-1904.0,-1980.0
-1952.0,-2025.0
-2048.0,-2048.0
-993.0,-1107.0
1131.0,933.0
1922.0,1978.0
1859.0,1968.0
1904.0,2015.0
1856.0,1941.0
1933.0,2047.0
1633.0,1440.0
-392.0,-532.0
-1898.0,-1877.0
-1972.0,-2048.0
-2048.0,-2048.0
-1084.0,-1071.0
1176.0,886.0
1920.0,1964.0
1871.0,1982.0
1893.0,2007.0
1870.0,1950.0
1904.0,2047.0
1721.0,1460.0
-498.0,-573.0
-2048.0,-1933.0
-1902.0,-2048.0
-2048.0,-2048.0
-313.0,-410.0
1945.0,1710.0
1767.0,1964.0
2047.0,2047.0
988.0,683.0
-1735.0,-1594.0
-1982.0,-2043.0
-2048.0,-2048.0
-1474.0,-1223.0
1247.0,811.0
1940.0,1941.0
1863.0,1978.0
1885.0,2008.0
1886.0,1948.0
1874.0,2047.0
1861.0,1261.0
14.0,-162.0
-1778.0,-1375.0
-2048.0,-2048.0
-1946.0,-2048.0
-2048.0,-1838.0
-1160.0,-693.0
359.0,56.0
872.0,484.0
826.0,385.0
295.0,102.0
-85.0,-181.0
-219.0,-233.0
-44.0,-143.0
157.0,-21.0
244.0,20.0
171.0,-7.0
87.0,-55.0
55.0,-66.0
108.0,-44.0
166.0,-14.0
173.0,-9.0
141.0,-30.0
102.0,-48.0
83.0,-47.0
104.0,-36.0
139.0,-28.0
143.0,-28.0
113.0,-40.0
89.0,-52.0
106.0,-42.0
136.0,-27.0
144.0,-25.0
124.0,-33.0
87.0,-52.0
69.0,-66.0
104.0,-55.0
191.0,-14.0
268.0,28.0
250.0,24.0
62.0,-59.0
-180.0,-174.0
-303.0,-226.0
-47.0,-120.0
628.0,185.0
1655.0,626.0
1963.0,1078.0
1889.0,1431.0
1909.0,1613.0
1890.0,1599.0
1913.0,1451.0
1908.0,1312.0
1921.0,1252.0
1910.0,1278.0
1915.0,1350.0
1905.0,1367.0
1919.0,1287.0
1912.0,1149.0
1931.0,1063.0
1908.0,1114.0
1926.0,1268.0
1883.0,1405.0
1932.0,1423.0
1864.0,1217.0
2036.0,763.0
811.0,138.0
-1529.0,-541.0
-2048.0,-1145.0
-2022.0,-1525.0
-2028.0,-1648.0
-2025.0,-1539.0
-2048.0,-1191.0
-1953.0,-673.0
-76.0,-96.0
1701.0,436.0
1951.0,873.0
1916.0,1205.0
1896.0,1377.0
1922.0,1356.0
1893.0,1088.0
1937.0,521.0
-587.0,-232.0
-2048.0,-873.0
-1867.0,-1125.0
-2048.0,-850.0
-361.0,-159.0
2047.0,595.0
1762.0,996.0
2047.0,812.0
972.0,156.0
-1979.0,-581.0
-2002.0,-993.0
-2048.0,-885.0
-1534.0,-364.0
1405.0,193.0
2006.0,538.0
1915.0,646.0
1958.0,585.0
1942.0,459.0
1962.0,367.0
1951.0,344.0
1958.0,373.0
1948.0,389.0
1955.0,366.0
1951.0,339.0
1955.0,329.0
1955.0,319.0
1957.0,302.0
1956.0,289.0
1957.0,288.0
1955.0,280.0
1956.0,246.0
1958.0,211.0
1958.0,199.0
1957.0,207.0
1957.0,204.0
1958.0,189.0
1959.0,170.0
1961.0,155.0
1960.0,149.0
1961.0,139.0
1960.0,144.0
1961.0,151.0
1959.0,126.0
1965.0,88.0
1959.0,61.0
1966.0,49.0
1955.0,55.0
1968.0,62.0
1950.0,49.0
1978.0,24.0
1937.0,2.0
2007.0,-18.0
622.0,-31.0
-1358.0,-32.0
-2048.0,-35.0
-2048.0,-51.0
-2048.0,-42.0
-2048.0,-1.0
-2048.0,17.0
-1856.0,1.0
44.0,-37.0
1667.0,-90.0
2015.0,-131.0
1954.0,-154.0
1985.0,-173.0
1967.0,-180.0
1978.0,-176.0
1971.0,-163.0
1973.0,-163.0
1977.0,-173.0
1970.0,-181.0
1983.0,-203.0
1966.0,-231.0
1994.0,-248.0
1949.0,-232.0
2016.0,-166.0
496.0,-50.0
-1598.0,89.0
-2048.0,228.0
-2048.0,301.0
-2048.0,288.0
-2048.0,256.0
-2048.0,241.0
-2048.0,237.0
-2048.0,233.0
-2048.0,254.0
-2048.0,292.0
-2048.0,345.0
-2048.0,416.0
-2048.0,447.0
-2048.0,406.0
-2048.0,252.0
-272.0,3.0
1653.0,-272.0
2023.0,-492.0
1988.0,-598.0
2002.0,-607.0
1993.0,-556.0
1992.0,-509.0
1992.0,-501.0
1990.0,-521.0
1997.0,-551.0
1989.0,-583.0
2003.0,-639.0
1990.0,-718.0
2016.0,-769.0
1974.0,-705.0
2017.0,-469.0
474.0,-91.0
-1589.0,326.0
-2048.0,654.0
-2048.0,811.0
-2048.0,811.0
-2048.0,739.0
-2048.0,670.0
-2048.0,633.0
-2048.0,627.0
-2048.0,649.0
-2048.0,697.0
-2048.0,785.0
-2048.0,891.0
-2048.0,950.0
-2048.0,860.0
-2048.0,552.0
-283.0,59.0
1621.0,-488.0
2047.0,-921.0
2007.0,-1138.0
2028.0,-1161.0
2013.0,-1071.0
2012.0,-950.0
2006.0,-875.0
2006.0,-871.0
2009.0,-908.0
2007.0,-966.0
2020.0,-1083.0
2016.0,-1225.0
2034.0,-1275.0
2002.0,-1130.0
2007.0,-738.0
444.0,-131.0
-1551.0,530.0
-2048.0,1034.0
-2048.0,1284.0
-2048.0,1308.0
-2048.0,1190.0
-2048.0,1059.0
-2048.0,987.0
-2048.0,968.0
-2048.0,999.0
-2048.0,1087.0
-2048.0,1224.0
-2048.0,1363.0
-2048.0,1419.0
-2048.0,1261.0
-2029.0,800.0
-265.0,82.0
1561.0,-706.0
2047.0,-1320.0
2026.0,-1611.0
2047.0,-1614.0
2029.0,-1450.0
2031.0,-1275.0
2019.0,-1199.0
2024.0,-1204.0
2023.0,-1242.0
2028.0,-1325.0
2034.0,-1457.0
2040.0,-1617.0
2047.0,-1704.0
2034.0,-1529.0
1981.0,-992.0
387.0,-167.0
-1519.0,722.0
-2048.0,1398.0
-2048.0,1707.0
-2048.0,1698.0
-2048.0,1532.0
-2048.0,1379.0
-2048.0,1304.0
-2048.0,1256.0
-2048.0,1222.0
-2048.0,1282.0
-2048.0,1497.0
-2048.0,1791.0
-2048.0,1954.0
-2048.0,1718.0
-1851.0,967.0
244.0,-135.0
1877.0,-1197.0
2027.0,-1767.0
2047.0,-1574.0
1341.0,-697.0
-913.0,494.0
-2048.0,1579.0
-2048.0,2020.0
-2048.0,1945.0
-2048.0,2037.0
-2048.0,1755.0
-1509.0,838.0
-29.0,39.0
1172.0,-785.0
2047.0,-1523.0
2027.0,-2024.0
2047.0,-2048.0
2017.0,-2048.0
2047.0,-2048.0
1670.0,-1128.0
-461.0,335.0
-2028.0,1492.0
-2048.0,2047.0
-2048.0,1608.0
-391.0,191.0
1856.0,-1413.0
2013.0,-2048.0
2047.0,-1998.0
813.0,-507.0
-1881.0,1410.0
-2048.0,1996.0
-2048.0,1976.0
-676.0,440.0
1895.0,-1583.0
1994.0,-2048.0
2047.0,-2048.0
707.0,-482.0
-1852.0,1514.0
-2048.0,2001.0
-2048.0,1977.0
-664.0,519.0
1719.0,-1481.0
2030.0,-2048.0
2047.0,-2048.0
1188.0,-930.0
-1228.0,1062.0
-2048.0,1970.0
-2048.0,1989.0
-2048.0,1970.0
-2048.0,2008.0
-1956.0,1790.0
-2016.0,1847.0
-2048.0,2029.0
-2048.0,1934.0
-2048.0,2047.0
-1679.0,1578.0
-193.0,176.0
1034.0,-985.0
2015.0,-1984.0
2040.0,-2048.0
2047.0,-2048.0
2016.0,-2021.0
2047.0,-2048.0
1497.0,-1450.0
-273.0,250.0
-1586.0,1606.0
-2048.0,2016.0
-2048.0,1985.0
-779.0,873.0
1032.0,-1104.0
2047.0,-2048.0
2047.0,-2048.0
2047.0,-2048.0
2047.0,-2048.0
1830.0,-1981.0
1794.0,-1939.0
2047.0,-2048.0
1999.0,-2021.0
2047.0,-2048.0
1617.0,-1732.0
-196.0,222.0
-1555.0,1769.0
-2048.0,1983.0
-1814.0,2029.0
-701.0,924.0
694.0,-876.0
1877.0,-2012.0
2047.0,-2048.0
2047.0,-2048.0
2031.0,-2026.0
2047.0,-2048.0
1173.0,-1418.0
-351.0,457.0
-1440.0,1758.0
-2003.0,2000.0
-1698.0,2024.0
-693.0,984.0
672.0,-935.0
1822.0,-2035.0
2047.0,-2048.0
2047.0,-2048.0
2042.0,-2034.0
2047.0,-2048.0
1120.0,-1558.0
-391.0,554.0
-1570.0,1927.0
-2048.0,1967.0
-1601.0,2041.0
-216.0,385.0
1406.0,-1887.0
2047.0,-2016.0
1936.0,-2048.0
497.0,-801.0
-1111.0,1657.0
-1965.0,1958.0
-1816.0,2047.0
-783.0,1370.0
628.0,-1017.0
1757.0,-2048.0
2047.0,-2042.0
2032.0,-2048.0
2047.0,-2030.0
1883.0,-2048.0
938.0,-1654.0
-33.0,135.0
-1021.0,1592.0
-1613.0,2047.0
-1678.0,1926.0
-1257.0,2047.0
-539.0,990.0
111.0,-198.0
407.0,-655.0
356.0,-595.0
119.0,-174.0
-75.0,162.0
-128.0,264.0
-60.0,121.0
36.0,-45.0
79.0,-118.0
52.0,-63.0
7.0,11.0
-9.0,33.0
17.0,-5.0
40.0,-48.0
44.0,-58.0
32.0,-35.0
18.0,-2.0
11.0,4.0
19.0,-19.0
31.0,-40.0
28.0,-40.0
18.0,-20.0
11.0,-1.0
13.0,1.0
21.0,-21.0
22.0,-31.0
17.0,-14.0
6.0,15.0
-5.0,24.0
5.0,-3.0
40.0,-75.0
76.0,-140.0
69.0,-123.0
2.0,34.0
-85.0,236.0
-120.0,333.0
-35.0,125.0
191.0,-426.0
518.0,-1299.0
848.0,-2027.0
1077.0,-2048.0
1190.0,-2048.0
1184.0,-2048.0
1093.0,-2048.0
1001.0,-2048.0
967.0,-2048.0
994.0,-2048.0
1055.0,-2048.0
1078.0,-2048.0
1024.0,-2048.0
938.0,-2048.0
886.0,-2048.0
902.0,-2048.0
995.0,-2048.0
1091.0,-2048.0
1110.0,-2048.0
980.0,-2048.0
663.0,-2007.0
160.0,-499.0
-372.0,1310.0
-780.0,2041.0
-1049.0,1957.0
-1171.0,2019.0
-1095.0,1957.0
-852.0,2047.0
-483.0,1750.0
-25.0,132.0
394.0,-1384.0
706.0,-2048.0
896.0,-2033.0
1007.0,-2048.0
999.0,-2034.0
825.0,-2048.0
448.0,-1803.0
-126.0,622.0
-590.0,2047.0
-738.0,1893.0
-580.0,2047.0
-73.0,446.0
494.0,-2026.0
718.0,-1960.0
633.0,-2048.0
186.0,-865.0
-385.0,1832.0
-653.0,1945.0
-621.0,2047.0
-272.0,1408.0
254.0,-1376.0
571.0,-2048.0
668.0,-2035.0
636.0,-2048.0
544.0,-2048.0
465.0,-2048.0
432.0,-2048.0
436.0,-2048.0
439.0,-2048.0
428.0,-2048.0
414.0,-2048.0
399.0,-2048.0
378.0,-2048.0
368.0,-2048.0
363.0,-2048.0
343.0,-2048.0
323.0,-2048.0
314.0,-2048.0
294.0,-2048.0
279.0,-2048.0
275.0,-2048.0
265.0,-2048.0
253.0,-2048.0
231.0,-2048.0
212.0,-2048.0
195.0,-2048.0
174.0,-2048.0
161.0,-2048.0
167.0,-2048.0
168.0,-2048.0
138.0,-2048.0
108.0,-2048.0
109.0,-2048.0
105.0,-2048.0
83.0,-2048.0
66.0,-2048.0
69.0,-2048.0
73.0,-2048.0
71.0,-2023.0
22.0,-471.0
-25.0,1419.0
-8.0,2045.0
40.0,1979.0
70.0,2018.0
94.0,1981.0
82.0,2033.0
29.0,1849.0
13.0,95.0
-18.0,-1625.0
-82.0,-2048.0
-128.0,-2038.0
-154.0,-2048.0
-167.0,-2048.0
-147.0,-2048.0
-122.0,-2048.0
-111.0,-2048.0
-118.0,-2048.0
-158.0,-2048.0
-219.0,-2048.0
-278.0,-2048.0
-308.0,-2048.0
-269.0,-2048.0
-142.0,-2022.0
-15.0,-325.0
127.0,1612.0
307.0,2032.0
417.0,1994.0
430.0,2006.0
392.0,2001.0
343.0,2003.0
322.0,2003.0
326.0,2001.0
332.0,2004.0
361.0,1998.0
431.0,2006.0
510.0,1994.0
535.0,2010.0
466.0,1986.0
272.0,2003.0
38.0,412.0
-210.0,-1583.0
-454.0,-2048.0
-588.0,-2048.0
-598.0,-2048.0
-542.0,-2048.0
-481.0,-2048.0
-449.0,-2048.0
-463.0,-2048.0
-491.0,-2048.0
-528.0,-2048.0
-592.0,-2048.0
-679.0,-2048.0
-727.0,-2048.0
-645.0,-2048.0
-391.0,-2001.0
-60.0,-301.0
308.0,1599.0
640.0,2038.0
825.0,1991.0
841.0,2009.0
754.0,1999.0
672.0,2004.0
634.0,2001.0
622.0,2002.0
645.0,2002.0
710.0,2000.0
805.0,2003.0
918.0,1998.0
984.0,2006.0
883.0,1994.0
535.0,1984.0
76.0,413.0
-408.0,-1520.0
-842.0,-2048.0
-1082.0,-2045.0
-1089.0,-2048.0
-987.0,-2048.0
-882.0,-2048.0
-822.0,-2048.0
-809.0,-2048.0
-828.0,-2048.0
-893.0,-2048.0
-1016.0,-2048.0
-1171.0,-2048.0
-1248.0,-2048.0
-1097.0,-2048.0
-672.0,-1956.0
-95.0,-275.0
526.0,1535.0
1055.0,2045.0
1326.0,1985.0
1336.0,2013.0
1214.0,1996.0
1072.0,2007.0
992.0,1999.0
976.0,2005.0
1012.0,1999.0
1093.0,2004.0
1229.0,1999.0
1393.0,2003.0
1462.0,1998.0
1296.0,2007.0
808.0,1944.0
119.0,369.0
-626.0,-1435.0
-1251.0,-2048.0
-1568.0,-2044.0
-1563.0,-2048.0
-1400.0,-2048.0
-1234.0,-2048.0
-1144.0,-2048.0
-1125.0,-2048.0
-1163.0,-2048.0
-1251.0,-2048.0
-1399.0,-2046.0
-1582.0,-2048.0
-1673.0,-2036.0
-1483.0,-2048.0
-921.0,-1881.0
-114.0,-224.0
779.0,1466.0
1496.0,2047.0
1830.0,1978.0
1807.0,2019.0
1612.0,1989.0
1442.0,2010.0
1352.0,1991.0
1311.0,2009.0
1284.0,1991.0
1352.0,2010.0
1566.0,1986.0
1854.0,2018.0
1843.0,1974.0
1902.0,2047.0
1077.0,1772.0
-121.0,-94.0
-1119.0,-1752.0
-1713.0,-2048.0
-1474.0,-2048.0
-622.0,-1119.0
530.0,960.0
1591.0,1994.0
1896.0,1983.0
1837.0,2017.0
1888.0,1963.0
1778.0,2047.0
894.0,1510.0
74.0,86.0
-707.0,-992.0
-1457.0,-1991.0
-1957.0,-2037.0
-2035.0,-2048.0
-1990.0,-2005.0
-2048.0,-2048.0
-1060.0,-1472.0
364.0,569.0
1502.0,1893.0
1933.0,1991.0
1682.0,2031.0
246.0,491.0
-1338.0,-1733.0
-2043.0,-2026.0
-1940.0,-2048.0
-444.0,-605.0
1433.0,1764.0
1865.0,1950.0
1906.0,2047.0
529.0,721.0
-1525.0,-1755.0
-2020.0,-2025.0
-2007.0,-2048.0
-429.0,-496.0
1492.0,1745.0
1860.0,1965.0
1902.0,2047.0
588.0,731.0
-1426.0,-1522.0
-1995.0,-2044.0
-2048.0,-2048.0
-887.0,-926.0
1073.0,1208.0
1867.0,2013.0
1860.0,1996.0
1854.0,1992.0
1875.0,2012.0
1808.0,1943.0
1776.0,1909.0
1895.0,2038.0
1825.0,1955.0
1915.0,2047.0
1597.0,1638.0
224.0,263.0
-907.0,-832.0
-1900.0,-1832.0
-2004.0,-2048.0
-2043.0,-2048.0
-1967.0,-2020.0
-2048.0,-2048.0
-1371.0,-1183.0
298.0,318.0
1589.0,1556.0
1879.0,2031.0
1897.0,1960.0
951.0,795.0
-1037.0,-830.0
-1978.0,-1941.0
-2037.0,-2048.0
-1988.0,-2048.0
-2048.0,-1946.0
-1915.0,-1394.0
-1871.0,-1560.0
-2048.0,-2009.0
-1959.0,-2030.0
-2048.0,-2048.0
-1681.0,-1315.0
265.0,287.0
1742.0,1455.0
1837.0,2037.0
1956.0,1672.0
1004.0,703.0
-826.0,-512.0
-1952.0,-1561.0
-2011.0,-2048.0
-2032.0,-2031.0
-1968.0,-2048.0
-2048.0,-1928.0
-1393.0,-794.0
497.0,368.0
1734.0,1361.0
1867.0,1809.0
1954.0,1536.0
1076.0,661.0
-874.0,-483.0
-1980.0,-1497.0
-2016.0,-2048.0
-2028.0,-2031.0
-1975.0,-2048.0
-2048.0,-1837.0
-1527.0,-758.0
616.0,365.0
1870.0,1443.0
1831.0,1884.0
1981.0,1446.0
480.0,239.0
-1855.0,-1072.0
-1962.0,-1782.0
-2048.0,-1463.0
-758.0,-306.0
1652.0,1023.0
1842.0,1781.0
1969.0,1640.0
1408.0,733.0
-945.0,-432.0
-2048.0,-1421.0
-1989.0,-1932.0
-2041.0,-2048.0
-1982.0,-1818.0
-2048.0,-1366.0
-1623.0,-717.0
191.0,127.0
1580.0,942.0
1966.0,1478.0
1818.0,1528.0
2004.0,1137.0
1085.0,530.0
-146.0,2.0
-596.0,-247.0
-558.0,-198.0
-133.0,2.0
193.0,167.0
300.0,206.0
153.0,144.0
-8.0,62.0
-76.0,34.0
-22.0,55.0
53.0,86.0
72.0,91.0
22.0,70.0
-18.0,56.0
-21.0,56.0
7.0,64.0
38.0,75.0
44.0,80.0
21.0,76.0
-1.0,70.0
-1.0,72.0
22.0,75.0
39.0,78.0
28.0,78.0
9.0,75.0
3.0,73.0
22.0,72.0
51.0,80.0
66.0,86.0
39.0,80.0
-37.0,61.0
-104.0,42.0
-83.0,49.0
75.0,94.0
281.0,153.0
376.0,177.0
165.0,117.0
-389.0,-46.0
-1241.0,-287.0
-2004.0,-545.0
-2048.0,-743.0
-2048.0,-845.0
-2048.0,-851.0
-2048.0,-767.0
-2048.0,-663.0
-2048.0,-606.0
-2048.0,-615.0
-2048.0,-666.0
-2048.0,-687.0
-2048.0,-654.0
-2048.0,-591.0
-2048.0,-535.0
-2048.0,-529.0
-2048.0,-589.0
-2048.0,-672.0
-2048.0,-697.0
-2048.0,-585.0
-2009.0,-335.0
-451.0,-10.0
1334.0,326.0
1987.0,607.0
1896.0,794.0
1946.0,859.0
1901.0,792.0
1975.0,619.0
1784.0,374.0
208.0,109.0
-1351.0,-138.0
-2048.0,-349.0
-2048.0,-502.0
-2048.0,-574.0
-2048.0,-559.0
-2048.0,-427.0
-1809.0,-162.0
660.0,166.0
2030.0,438.0
1840.0,534.0
2047.0,412.0
517.0,128.0
-2030.0,-171.0
-1985.0,-328.0
-2048.0,-261.0
-829.0,-9.0
1822.0,277.0
1894.0,446.0
2041.0,419.0
1448.0,218.0
-1338.0,-39.0
-2048.0,-229.0
-2048.0,-285.0
-2048.0,-244.0
-2048.0,-177.0
-2048.0,-134.0
-2048.0,-109.0
-2048.0,-94.0
-2048.0,-91.0
-2048.0,-97.0
-2048.0,-84.0
-2048.0,-60.0
-2048.0,-48.0
-2048.0,-46.0
-2048.0,-56.0
-2048.0,-45.0
-2048.0,-15.0
-2048.0,14.0
-2048.0,25.0
-2048.0,36.0
-2048.0,65.0
-2048.0,83.0
-2048.0,87.0
-2048.0,77.0
-2048.0,87.0
-2048.0,119.0
-2048.0,135.0
-2048.0,136.0
-2048.0,140.0
-2048.0,151.0
-2048.0,156.0
-2048.0,166.0
-2048.0,184.0
-2048.0,209.0
-2048.0,248.0
-2048.0,273.0
-2048.0,277.0
-2048.0,264.0
-2048.0,216.0
-421.0,118.0
1442.0,-12.0
2022.0,-133.0
1966.0,-207.0
2001.0,-237.0
1973.0,-243.0
2006.0,-198.0
1874.0,-85.0
165.0,81.0
-1632.0,256.0
-2048.0,393.0
-2048.0,482.0
-2048.0,511.0
-2048.0,486.0
-2048.0,451.0
-2048.0,438.0
-2048.0,446.0
-2048.0,469.0
-2048.0,514.0
-2048.0,574.0
-2048.0,638.0
-2048.0,681.0
-2048.0,633.0
-2048.0,441.0
-283.0,134.0
1647.0,-195.0
2033.0,-451.0
1996.0,-595.0
2012.0,-616.0
2003.0,-556.0
2001.0,-477.0
1999.0,-440.0
1996.0,-441.0
2001.0,-448.0
1995.0,-492.0
2010.0,-577.0
1999.0,-669.0
2025.0,-725.0
1985.0,-657.0
2025.0,-399.0
490.0,16.0
-1576.0,478.0
-2048.0,843.0
-2048.0,1016.0
-2048.0,1013.0
-2048.0,923.0
-2048.0,829.0
-2048.0,781.0
-2048.0,789.0
-2048.0,820.0
-2048.0,871.0
-2048.0,968.0
-2048.0,1075.0
-2048.0,1117.0
-2048.0,1004.0
-2048.0,680.0
-264.0,177.0
1628.0,-383.0
2047.0,-825.0
2015.0,-1043.0
2035.0,-1043.0
2019.0,-935.0
2020.0,-841.0
2013.0,-775.0
2013.0,-750.0
2014.0,-766.0
2013.0,-827.0
2025.0,-940.0
2021.0,-1074.0
2040.0,-1152.0
2011.0,-1044.0
2014.0,-652.0
465.0,-29.0
-1537.0,640.0
-2048.0,1171.0
-2048.0,1435.0
-2048.0,1448.0
-2048.0,1329.0
-2048.0,1204.0
-2048.0,1135.0
-2048.0,1118.0
-2048.0,1145.0
-2048.0,1220.0
-2048.0,1355.0
-2048.0,1526.0
-2048.0,1596.0
-2048.0,1411.0
-2007.0,928.0
-230.0,208.0
1588.0,-567.0
2047.0,-1168.0
2029.0,-1469.0
2047.0,-1492.0
2035.0,-1343.0
2038.0,-1168.0
2025.0,-1081.0
2030.0,-1075.0
2028.0,-1114.0
2034.0,-1200.0
2041.0,-1342.0
2046.0,-1517.0
2047.0,-1606.0
2039.0,-1433.0
2001.0,-896.0
453.0,-59.0
-1442.0,839.0
-2048.0,1546.0
-2048.0,1899.0
-2048.0,1903.0
-2048.0,1724.0
-2048.0,1530.0
-2048.0,1415.0
-2048.0,1381.0
-2048.0,1425.0
-2048.0,1535.0
-2048.0,1730.0
-2048.0,1916.0
-2048.0,2003.0
-2048.0,1789.0
-1923.0,1178.0
-162.0,235.0
1539.0,-802.0
2047.0,-1593.0
2045.0,-1965.0
2047.0,-1941.0
2046.0,-1733.0
2047.0,-1553.0
2036.0,-1463.0
2047.0,-1413.0
2033.0,-1395.0
2047.0,-1483.0
2045.0,-1721.0
2047.0,-2008.0
2047.0,-2048.0
2047.0,-2033.0
1846.0,-1075.0
-44.0,206.0
-1801.0,1369.0
-2048.0,2003.0
-2048.0,1791.0
-1104.0,813.0
1017.0,-512.0
2047.0,-1711.0
2047.0,-2048.0
2047.0,-2018.0
2041.0,-2048.0
2047.0,-1896.0
1599.0,-912.0
134.0,11.0
-959.0,892.0
-2038.0,1736.0
-2048.0,2011.0
-2048.0,2012.0
-2048.0,1968.0
-2048.0,2047.0
-1513.0,1343.0
608.0,-362.0
1958.0,-1590.0
2047.0,-2048.0
2047.0,-1772.0
555.0,-200.0
-1767.0,1584.0
-2048.0,2011.0
-2048.0,2044.0
-565.0,687.0
1846.0,-1529.0
2021.0,-2048.0
2047.0,-2048.0
796.0,-465.0
-1796.0,1713.0
-2048.0,1978.0
-2048.0,2047.0
-470.0,625.0
1829.0,-1607.0
2033.0,-2048.0
2047.0,-2048.0
802.0,-525.0
-1553.0,1596.0
-2048.0,1985.0
-2048.0,2047.0
-909.0,1115.0
1266.0,-1097.0
2047.0,-2029.0
2047.0,-2048.0
2047.0,-2036.0
2047.0,-2048.0
2047.0,-1826.0
2005.0,-1915.0
2047.0,-2048.0
2041.0,-1998.0
2047.0,-2048.0
1755.0,-1589.0
294.0,-148.0
-844.0,1093.0
-1892.0,1990.0
-2048.0,1969.0
-2048.0,2038.0
-2048.0,1950.0
-2048.0,2047.0
-1176.0,1568.0
362.0,-212.0
1652.0,-1670.0
2047.0,-2048.0
2047.0,-2048.0
875.0,-889.0
-811.0,1185.0
-2009.0,2012.0
-2048.0,1997.0
-2048.0,2003.0
-1983.0,1997.0
-1402.0,2003.0
-1575.0,1992.0
-2048.0,2009.0
-2048.0,1984.0
-2048.0,2035.0
-1313.0,1812.0
347.0,-156.0
1569.0,-1818.0
2047.0,-2048.0
1846.0,-2048.0
787.0,-918.0
-510.0,979.0
-1604.0,1998.0
-2048.0,1978.0
-2048.0,2027.0
-2048.0,1955.0
-1998.0,2047.0
-807.0,1520.0
417.0,-421.0
1485.0,-1831.0
1934.0,-2048.0
1674.0,-2048.0
758.0,-997.0
-473.0,1027.0
-1513.0,2002.0
-2048.0,1990.0
-2048.0,2017.0
-2048.0,1968.0
-1840.0,2047.0
-758.0,1630.0
434.0,-525.0
1569.0,-1996.0
1992.0,-2027.0
1588.0,-2048.0
325.0,-315.0
-1061.0,1926.0
-1771.0,1925.0
-1477.0,2047.0
-293.0,900.0
1129.0,-1684.0
1901.0,-2033.0
1769.0,-2048.0
844.0,-1371.0
-418.0,1112.0
-1396.0,2044.0
-1907.0,1971.0
-2020.0,2023.0
-1819.0,1968.0
-1402.0,2047.0
-737.0,1720.0
172.0,-70.0
1036.0,-1639.0
1564.0,-2048.0
1622.0,-2006.0
1259.0,-2048.0
614.0,-957.0
42.0,248.0
-218.0,732.0
-169.0,665.0
37.0,227.0
211.0,-122.0
250.0,-222.0
185.0,-73.0
108.0,94.0
79.0,163.0
98.0,110.0
133.0,36.0
141.0,11.0
118.0,55.0
95.0,101.0
92.0,110.0
110.0,84.0
129.0,49.0
135.0,35.0
128.0,51.0
116.0,76.0
114.0,83.0
126.0,59.0
133.0,40.0
124.0,48.0
112.0,73.0
115.0,88.0
119.0,73.0
125.0,35.0
130.0,13.0
120.0,37.0
97.0,116.0
72.0,184.0
74.0,167.0
128.0,7.0
209.0,-195.0
250.0,-295.0
177.0,-78.0
-31.0,472.0
-323.0,1362.0
-605.0,1988.0
-799.0,1990.0
-904.0,2002.0
-903.0,1993.0
-819.0,2001.0
-727.0,1995.0
-684.0,1999.0
-692.0,1996.0
-733.0,1998.0
-752.0,1995.0
-710.0,1998.0
-623.0,1994.0
-570.0,1997.0
-586.0,1991.0
-662.0,1997.0
-737.0,1986.0
-736.0,2001.0
-616.0,1979.0
-371.0,1998.0
15.0,585.0
440.0,-1294.0
772.0,-2048.0
959.0,-2032.0
1015.0,-2048.0
941.0,-2024.0
770.0,-2048.0
500.0,-1749.0
158.0,-79.0
-150.0,1420.0
-372.0,2047.0
-511.0,1962.0
-587.0,2017.0
-556.0,1970.0
-433.0,2024.0
-189.0,1809.0
227.0,-557.0
551.0,-2048.0
641.0,-1958.0
552.0,-2048.0
199.0,-373.0
-198.0,2002.0
-346.0,1887.0
-286.0,2047.0
6.0,911.0
375.0,-1852.0
508.0,-2018.0
484.0,-2048.0
289.0,-1386.0
-48.0,1405.0
-226.0,2040.0
-254.0,1974.0
-195.0,2001.0
-138.0,1988.0
-112.0,1997.0
-94.0,1990.0
-94.0,1994.0
-90.0,1988.0
-78.0,1992.0
-71.0,1988.0
-54.0,1991.0
-31.0,1991.0
-8.0,1992.0
3.0,1991.0
2.0,1991.0
3.0,1988.0
21.0,1988.0
33.0,1988.0
37.0,1988.0
53.0,1987.0
81.0,1987.0
96.0,1987.0
103.0,1987.0
119.0,1988.0
115.0,1988.0
98.0,1988.0
94.0,1987.0
104.0,1988.0
118.0,1986.0
127.0,1988.0
127.0,1984.0
119.0,1987.0
137.0,1981.0
194.0,1989.0
256.0,1977.0
279.0,1994.0
252.0,1967.0
168.0,1996.0
125.0,541.0
94.0,-1388.0
0.0,-2048.0
-92.0,-2048.0
-140.0,-2048.0
-157.0,-2045.0
-97.0,-2048.0
25.0,-1844.0
126.0,-21.0
242.0,1628.0
376.0,2031.0
461.0,1965.0
486.0,1998.0
477.0,1977.0
462.0,1990.0
436.0,1982.0
405.0,1987.0
413.0,1987.0
470.0,1984.0
546.0,1990.0
605.0,1979.0
636.0,1995.0
589.0,1971.0
400.0,1989.0
166.0,394.0
-78.0,-1598.0
-326.0,-2048.0
-480.0,-2048.0
-504.0,-2048.0
-450.0,-2048.0
-382.0,-2048.0
-349.0,-2048.0
-361.0,-2048.0
-378.0,-2048.0
-406.0,-2048.0
-479.0,-2048.0
-585.0,-2048.0
-647.0,-2048.0
-565.0,-2048.0
-287.0,-2016.0
68.0,-336.0
452.0,1570.0
799.0,2027.0
983.0,1973.0
1005.0,1995.0
930.0,1983.0
829.0,1990.0
774.0,1985.0
773.0,1988.0
804.0,1987.0
861.0,1986.0
964.0,1988.0
1090.0,1983.0
1151.0,1990.0
1034.0,1980.0
672.0,1963.0
202.0,371.0
-289.0,-1552.0
-718.0,-2048.0
-951.0,-2048.0
-967.0,-2048.0
-859.0,-2048.0
-742.0,-2048.0
-688.0,-2048.0
-679.0,-2048.0
-697.0,-2048.0
-763.0,-2048.0
-898.0,-2048.0
-1049.0,-2048.0
-1126.0,-2048.0
-987.0,-2048.0
-554.0,-1979.0
34.0,-315.0
668.0,1503.0
1200.0,2030.0
1482.0,1970.0
1487.0,1998.0
1346.0,1981.0
1204.0,1993.0
1117.0,1983.0
1086.0,1990.0
1114.0,1984.0
1193.0,1989.0
1329.0,1983.0
1499.0,1989.0
1588.0,1981.0
1421.0,1995.0
924.0,1918.0
239.0,328.0
-497.0,-1485.0
-1097.0,-2048.0
-1399.0,-2048.0
-1394.0,-2048.0
-1240.0,-2048.0
-1085.0,-2048.0
-1005.0,-2048.0
-989.0,-2048.0
-1008.0,-2048.0
-1086.0,-2048.0
-1251.0,-2048.0
-1456.0,-2048.0
-1554.0,-2048.0
-1358.0,-2048.0
-802.0,-1917.0
-12.0,-278.0
834.0,1416.0
1525.0,2032.0
1862.0,1966.0
1874.0,2002.0
1713.0,1977.0
1537.0,1996.0
1430.0,1980.0
1396.0,1994.0
1415.0,1980.0
1509.0,1994.0
1676.0,1978.0
1866.0,1997.0
1874.0,1970.0
1891.0,2016.0
1191.0,1845.0
244.0,263.0
-697.0,-1410.0
-1474.0,-2048.0
-1824.0,-2048.0
-1816.0,-2048.0
-1626.0,-2048.0
-1445.0,-2048.0
-1340.0,-2048.0
-1293.0,-2048.0
-1269.0,-2048.0
-1333.0,-2048.0
-1583.0,-2048.0
-1894.0,-2048.0
-2029.0,-2030.0
-1889.0,-2048.0
-931.0,-1704.0
213.0,154.0
1392.0,1714.0
1887.0,1991.0
1855.0,2047.0
855.0,1125.0
-460.0,-876.0
-1619.0,-2013.0
-2048.0,-2048.0
-1958.0,-2048.0
-2048.0,-2041.0
-1823.0,-2048.0
-830.0,-1364.0
61.0,-44.0
922.0,965.0
1709.0,1910.0
1890.0,1968.0
1891.0,2019.0
1850.0,1937.0
1948.0,2047.0
1397.0,1439.0
-296.0,-476.0
-1510.0,-1832.0
-2048.0,-2048.0
-1710.0,-1982.0
-151.0,-353.0
1562.0,1644.0
1877.0,1974.0
1949.0,2047.0
738.0,626.0
-1488.0,-1677.0
-1987.0,-2047.0
-2040.0,-2048.0
-416.0,-597.0
1675.0,1673.0
1841.0,1965.0
1981.0,2047.0
676.0,536.0
-1542.0,-1647.0
-1999.0,-2048.0
-2013.0,-2048.0
-458.0,-591.0
1581.0,1464.0
1859.0,1970.0
1966.0,2047.0
1154.0,908.0
-1029.0,-1062.0
-1977.0,-2028.0
-2012.0,-2048.0
-1984.0,-2048.0
-2028.0,-2028.0
-1782.0,-1605.0
-1842.0,-1787.0
-2048.0,-2048.0
-1944.0,-2038.0
-2048.0,-2048.0
-1547.0,-1423.0
-117.0,-188.0
1128.0,801.0
1915.0,1746.0
1842.0,1987.0
1916.0,2001.0
1834.0,1960.0
1955.0,2041.0
1582.0,1137.0
-155.0,-260.0
-1613.0,-1366.0
-2027.0,-1986.0
-2022.0,-1698.0
-816.0,-651.0
1205.0,763.0
1914.0,1860.0
1870.0,1987.0
1882.0,2011.0
1880.0,1874.0
1912.0,1340.0
1899.0,1463.0
1888.0,1902.0
1870.0,1967.0
1896.0,2045.0
1791.0,1237.0
-73.0,-225.0
-1773.0,-1303.0
-2010.0,-1827.0
-2048.0,-1476.0
-882.0,-590.0
1004.0,521.0
1915.0,1506.0
1853.0,2006.0
1905.0,1961.0
1836.0,2017.0
1961.0,1862.0
1543.0,785.0
-353.0,-295.0
-1767.0,-1206.0
-2042.0,-1619.0
-2048.0,-1366.0
-939.0,-568.0
1052.0,481.0
1930.0,1401.0
1864.0,1964.0
1897.0,1962.0
1846.0,2034.0
1942.0,1699.0
1642.0,712.0
-459.0,-287.0
-1979.0,-1268.0
-1988.0,-1654.0
-2048.0,-1264.0
-283.0,-182.0
1877.0,998.0
1815.0,1647.0
2047.0,1352.0
955.0,310.0
-1642.0,-872.0
-2008.0,-1528.0
-2048.0,-1389.0
-1354.0,-604.0
1133.0,409.0
1952.0,1235.0
1871.0,1667.0
1905.0,1740.0
1875.0,1579.0
1954.0,1219.0
1739.0,647.0
-12.0,-77.0
-1601.0,-767.0
-2048.0,-1187.0
-1997.0,-1229.0
-2048.0,-918.0
-930.0,-418.0
286.0,28.0
764.0,244.0
704.0,211.0
271.0,47.0
-65.0,-97.0
-167.0,-133.0
-29.0,-81.0
132.0,-15.0
203.0,8.0
152.0,-11.0
77.0,-36.0
55.0,-42.0
102.0,-31.0
151.0,-20.0
158.0,-17.0
123.0,-24.0
87.0,-32.0
80.0,-32.0
97.0,-30.0
119.0,-23.0
123.0,-26.0
102.0,-33.0
83.0,-30.0
90.0,-20.0
114.0,-18.0
122.0,-25.0
106.0,-34.0
78.0,-39.0
65.0,-35.0
83.0,-25.0
154.0,-12.0
219.0,1.0
208.0,-4.0
48.0,-40.0
-154.0,-88.0
-255.0,-114.0
-36.0,-66.0
516.0,70.0
1419.0,256.0
1968.0,440.0
1929.0,589.0
1947.0,671.0
1932.0,675.0
1948.0,602.0
1943.0,527.0
1951.0,503.0
1945.0,507.0
1948.0,529.0
1943.0,541.0
1949.0,504.0
1945.0,446.0
1953.0,424.0
1941.0,442.0
1952.0,476.0
1932.0,505.0
1957.0,499.0
1921.0,426.0
1993.0,265.0
657.0,43.0
-1274.0,-188.0
-2048.0,-383.0
-2048.0,-510.0
-2048.0,-542.0
-2044.0,-496.0
-2048.0,-389.0
-1743.0,-230.0
-23.0,-53.0
1465.0,109.0
2019.0,232.0
1921.0,322.0
1970.0,389.0
1930.0,392.0
1974.0,292.0
1825.0,117.0
-504.0,-70.0
-2048.0,-217.0
-1984.0,-278.0
-2048.0,-211.0
-344.0,-61.0
1993.0,89.0
1853.0,158.0
2047.0,111.0
965.0,-6.0
-1843.0,-109.0
-2048.0,-156.0
-2048.0,-144.0
-1384.0,-77.0
1439.0,-5.0
2006.0,41.0
1951.0,46.0
1972.0,13.0
1966.0,-25.0
1971.0,-42.0
1969.0,-52.0
1971.0,-64.0
1967.0,-75.0
1970.0,-89.0
1968.0,-109.0
1971.0,-117.0
1971.0,-117.0
1971.0,-115.0
1971.0,-123.0
1972.0,-150.0
1971.0,-179.0
1972.0,-194.0
1972.0,-200.0
1971.0,-195.0
1971.0,-194.0
1972.0,-219.0
1973.0,-251.0
1975.0,-282.0
1978.0,-304.0
1977.0,-303.0
1978.0,-307.0
1978.0,-340.0
1981.0,-365.0
1978.0,-362.0
1980.0,-349.0
1973.0,-334.0
1979.0,-334.0
1971.0,-364.0
1987.0,-434.0
1972.0,-498.0
1998.0,-511.0
1956.0,-469.0
2011.0,-334.0
605.0,-100.0
-1364.0,174.0
-2048.0,413.0
-2048.0,577.0
-2048.0,653.0
-2048.0,629.0
-2048.0,491.0
-1866.0,262.0
25.0,-29.0
1650.0,-320.0
2032.0,-557.0
1974.0,-710.0
2009.0,-756.0
1986.0,-704.0
1994.0,-608.0
1983.0,-549.0
1987.0,-554.0
1990.0,-591.0
1987.0,-638.0
2000.0,-726.0
1991.0,-830.0
2014.0,-862.0
1972.0,-761.0
2010.0,-501.0
467.0,-96.0
-1589.0,344.0
-2048.0,700.0
-2048.0,881.0
-2048.0,885.0
-2048.0,806.0
-2048.0,728.0
-2048.0,691.0
-2048.0,691.0
-2048.0,718.0
-2048.0,768.0
-2048.0,859.0
-2048.0,967.0
-2048.0,1030.0
-2048.0,936.0
-2048.0,602.0
-284.0,61.0
1594.0,-531.0
2044.0,-997.0
2006.0,-1221.0
2025.0,-1217.0
2009.0,-1104.0
2009.0,-991.0
2002.0,-923.0
2001.0,-897.0
2004.0,-919.0
2004.0,-1010.0
2018.0,-1154.0
2014.0,-1302.0
2033.0,-1360.0
2001.0,-1201.0
2003.0,-771.0
446.0,-130.0
-1545.0,559.0
-2048.0,1086.0
-2048.0,1343.0
-2048.0,1358.0
-2048.0,1230.0
-2048.0,1085.0
-2048.0,1009.0
-2048.0,1001.0
-2048.0,1033.0
-2048.0,1105.0
-2048.0,1248.0
-2048.0,1423.0
-2048.0,1501.0
-2048.0,1344.0
-2022.0,863.0
-257.0,102.0
1549.0,-720.0
2047.0,-1352.0
2021.0,-1665.0
2047.0,-1677.0
2025.0,-1520.0
2030.0,-1349.0
2016.0,-1257.0
2022.0,-1247.0
2018.0,-1286.0
2025.0,-1372.0
2030.0,-1521.0
2040.0,-1707.0
2045.0,-1800.0
2036.0,-1612.0
1971.0,-1036.0
398.0,-168.0
-1471.0,761.0
-2048.0,1481.0
-2048.0,1819.0
-2048.0,1808.0
-2048.0,1622.0
-2048.0,1448.0
-2048.0,1367.0
-2048.0,1353.0
-2048.0,1388.0
-2048.0,1475.0
-2048.0,1650.0
-2048.0,1851.0
-2048.0,1936.0
-2048.0,1711.0
-1952.0,1091.0
-234.0,127.0
1461.0,-895.0
2047.0,-1731.0
2032.0,-2048.0
2047.0,-2048.0
2043.0,-1997.0
2047.0,-1661.0
2026.0,-1565.0
2039.0,-1520.0
2028.0,-1566.0
2045.0,-1668.0
2042.0,-1875.0
2047.0,-2048.0
2046.0,-2048.0
2047.0,-2048.0
1911.0,-1289.0
316.0,-187.0
-1385.0,940.0
-2048.0,1819.0
-2048.0,2009.0
-2048.0,1973.0
-2048.0,2008.0
-2048.0,1905.0
-2048.0,1648.0
-2048.0,1627.0
-2048.0,1580.0
-2048.0,1698.0
-2048.0,1900.0
-2048.0,2022.0
-2048.0,1941.0
-2048.0,2047.0
-1731.0,1352.0
205.0,-188.0
1752.0,-1429.0
2047.0,-2048.0
2047.0,-1918.0
1200.0,-833.0
-829.0,641.0
-2048.0,1840.0
-2048.0,1995.0
-2048.0,1983.0
-2048.0,1974.0
-2048.0,2003.0
-1341.0,1136.0
-15.0,7.0
1031.0,-909.0
1993.0,-1850.0
2039.0,-2048.0
2047.0,-2048.0
2009.0,-2027.0
2047.0,-2048.0
1549.0,-1399.0
-428.0,426.0
-1869.0,1748.0
-2048.0,2031.0
-2048.0,1913.0
-322.0,339.0
1717.0,-1682.0
2045.0,-2048.0
2047.0,-2048.0
712.0,-650.0
-1711.0,1673.0
-2048.0,1952.0
-2048.0,2047.0
-575.0,612.0
1736.0,-1808.0
2030.0,-2030.0
2047.0,-2048.0
584.0,-607.0
-1665.0,1716.0
-2048.0,1947.0
-2048.0,2047.0
-550.0,676.0
1511.0,-1666.0
2035.0,-2039.0
2047.0,-2048.0
973.0,-1114.0
-1034.0,1216.0
-2048.0,2005.0
-2048.0,1975.0
-2048.0,1989.0
-2036.0,1978.0
-1576.0,1990.0
-1810.0,1974.0
-2048.0,1996.0
-2048.0,1961.0
-2048.0,2026.0
-1362.0,1771.0
-167.0,255.0
869.0,-1138.0
1806.0,-2048.0
2047.0,-2039.0
2047.0,-2048.0
2027.0,-2021.0
2047.0,-2048.0
1219.0,-1604.0
-216.0,309.0
-1331.0,1780.0
-1937.0,1980.0
-1674.0,2047.0
-634.0,1045.0
824.0,-1226.0
1916.0,-2048.0
2047.0,-2048.0
2047.0,-2048.0
1915.0,-2048.0
1405.0,-2048.0
1542.0,-2048.0
1971.0,-2048.0
2040.0,-2048.0
2047.0,-2048.0
1328.0,-1859.0
-183.0,248.0
-1253.0,1901.0
-1766.0,1948.0
-1455.0,2047.0
-590.0,1089.0
583.0,-970.0
1535.0,-2048.0
2043.0,-2048.0
2036.0,-2048.0
2047.0,-2026.0
1899.0,-2048.0
843.0,-1534.0
-241.0,520.0
-1170.0,1872.0
-1564.0,1973.0
-1343.0,2047.0
-550.0,1138.0
531.0,-1032.0
1395.0,-2048.0
1958.0,-2048.0
2044.0,-2048.0
2047.0,-2035.0
1722.0,-2048.0
785.0,-1649.0
-264.0,609.0
-1257.0,1994.0
-1605.0,1931.0
-1249.0,2047.0
-148.0,440.0
1071.0,-1979.0
1662.0,-1984.0
1386.0,-2048.0
357.0,-861.0
-853.0,1728.0
-1491.0,1956.0
-1385.0,2047.0
-612.0,1449.0
474.0,-1074.0
1318.0,-2048.0
1747.0,-2037.0
1827.0,-2048.0
1638.0,-2036.0
1279.0,-2048.0
723.0,-1744.0
-41.0,156.0
-760.0,1676.0
-1187.0,2047.0
-1216.0,1925.0
-915.0,2047.0
-397.0,1117.0
71.0,-209.0
285.0,-681.0
254.0,-626.0
85.0,-169.0
-63.0,174.0
-100.0,286.0
-43.0,137.0
26.0,-35.0
52.0,-118.0
35.0,-59.0
10.0,24.0
2.0,54.0
13.0,7.0
31.0,-42.0
31.0,-52.0
17.0,-22.0
3.0,15.0
1.0,32.0
12.0,12.0
19.0,-15.0
17.0,-17.0
11.0,5.0
8.0,20.0
8.0,7.0
10.0,-13.0
11.0,-21.0
8.0,-6.0
4.0,29.0
3.0,50.0
9.0,27.0
23.0,-53.0
38.0,-125.0
40.0,-114.0
6.0,44.0
-51.0,254.0
-80.0,360.0
-29.0,137.0
116.0,-439.0
325.0,-1348.0
531.0,-2034.0
667.0,-2048.0
714.0,-2048.0
688.0,-2048.0
634.0,-2048.0
583.0,-2048.0
559.0,-2048.0
573.0,-2048.0
589.0,-2048.0
584.0,-2048.0
562.0,-2048.0
533.0,-2048.0
505.0,-2048.0
499.0,-2048.0
519.0,-2048.0
525.0,-2048.0
499.0,-2048.0
435.0,-2048.0
317.0,-2024.0
76.0,-517.0
-199.0,1343.0
-392.0,2041.0
-471.0,1962.0
-490.0,2017.0
-445.0,1963.0
-354.0,2041.0
-225.0,1787.0
-18.0,158.0
169.0,-1406.0
288.0,-2048.0
329.0,-2034.0
337.0,-2048.0
310.0,-2036.0
261.0,-2048.0
167.0,-1812.0
-54.0,635.0
-212.0,2047.0
-240.0,1887.0
-209.0,2047.0
-36.0,467.0
172.0,-2036.0
208.0,-1955.0
186.0,-2048.0
54.0,-849.0
-116.0,1837.0
-124.0,1944.0
-122.0,2047.0
-78.0,1428.0
65.0,-1363.0
95.0,-2048.0
82.0,-2034.0
66.0,-2048.0
36.0,-2048.0
23.0,-2048.0
15.0,-2048.0
10.0,-2048.0
-3.0,-2048.0
-28.0,-2048.0
-48.0,-2048.0
-53.0,-2048.0
-67.0,-2048.0
-86.0,-2048.0
-95.0,-2048.0
-90.0,-2048.0
-94.0,-2048.0
-104.0,-2048.0
-112.0,-2048.0
-128.0,-2048.0
-162.0,-2048.0
-197.0,-2048.0
-208.0,-2048.0
-208.0,-2048.0
-218.0,-2048.0
-231.0,-2048.0
-249.0,-2048.0
-274.0,-2048.0
-293.0,-2048.0
-295.0,-2048.0
-298.0,-2048.0
-299.0,-2048.0
-285.0,-2048.0
-308.0,-2048.0
-372.0,-2048.0
-435.0,-2048.0
-454.0,-2048.0
-399.0,-2048.0
-240.0,-2002.0
-53.0,-438.0
162.0,1403.0
418.0,2047.0
634.0,1976.0
729.0,2022.0
704.0,1978.0
543.0,2040.0
278.0,1833.0
14.0,110.0
-261.0,-1589.0
-524.0,-2048.0
-678.0,-2033.0
-694.0,-2048.0
-630.0,-2046.0
-550.0,-2048.0
-506.0,-2048.0
-499.0,-2048.0
-521.0,-2048.0
-576.0,-2048.0
-679.0,-2048.0
-793.0,-2048.0
-837.0,-2048.0
-739.0,-2048.0
-445.0,-1990.0
-54.0,-302.0
372.0,1592.0
750.0,2044.0
953.0,1989.0
968.0,2012.0
862.0,1999.0
732.0,2006.0
670.0,2001.0
679.0,2004.0
720.0,2002.0
790.0,2002.0
889.0,2004.0
1001.0,1999.0
1060.0,2006.0
938.0,1996.0
568.0,1983.0
75.0,411.0
-453.0,-1514.0
-899.0,-2048.0
-1124.0,-2043.0
-1129.0,-2048.0
-1021.0,-2048.0
-899.0,-2048.0
-832.0,-2048.0
-835.0,-2048.0
-867.0,-2048.0
-922.0,-2048.0
-1047.0,-2048.0
-1202.0,-2048.0
-1258.0,-2046.0
-1096.0,-2048.0
-667.0,-1949.0
-79.0,-269.0
552.0,1539.0
1085.0,2047.0
1365.0,1985.0
1374.0,2015.0
1234.0,1996.0
1095.0,2009.0
1031.0,1999.0
1020.0,2006.0
1046.0,2000.0
1117.0,2005.0
1245.0,2000.0
1404.0,2004.0
1487.0,1999.0
1329.0,2008.0
826.0,1948.0
117.0,387.0
-624.0,-1433.0
-1235.0,-2048.0
-1566.0,-2041.0
-1586.0,-2048.0
-1426.0,-2048.0
-1249.0,-2048.0
-1155.0,-2048.0
-1135.0,-2048.0
-1166.0,-2048.0
-1261.0,-2048.0
-1439.0,-2044.0
-1635.0,-2048.0
-1716.0,-2033.0
-1508.0,-2048.0
-944.0,-1865.0
-131.0,-222.0
749.0,1437.0
1474.0,2047.0
1824.0,1979.0
1856.0,2020.0
1645.0,1992.0
1437.0,2013.0
1335.0,1996.0
1319.0,2010.0
1359.0,1996.0
1442.0,2009.0
1624.0,1994.0
1805.0,2012.0
1880.0,1988.0
1784.0,2028.0
1066.0,1878.0
162.0,339.0
-810.0,-1307.0
-1578.0,-2048.0
-1976.0,-2039.0
-2004.0,-2048.0
-1812.0,-2047.0
-1595.0,-2048.0
-1475.0,-2047.0
-1449.0,-2048.0
-1476.0,-2045.0
-1573.0,-2048.0
-1767.0,-2038.0
-2000.0,-2048.0
-2006.0,-2020.0
-2017.0,-2048.0
-1228.0,-1732.0
-144.0,-157.0
946.0,1344.0
1768.0,2047.0
1858.0,1975.0
1870.0,2024.0
1843.0,1986.0
1886.0,2015.0
1714.0,1989.0
1596.0,2013.0
1578.0,1988.0
1675.0,2016.0
1840.0,1981.0
1876.0,2027.0
1826.0,1963.0
1929.0,2047.0
1394.0,1657.0
-160.0,-85.0
-1332.0,-1584.0
-2040.0,-2048.0
-1776.0,-2048.0
-762.0,-958.0
666.0,843.0
1784.0,1937.0
1850.0,2000.0
1869.0,2007.0
1831.0,1976.0
1909.0,2047.0
1181.0,1334.0
41.0,90.0
-816.0,-829.0
-1756.0,-1829.0
-2009.0,-2048.0
-2036.0,-2048.0
-1968.0,-2011.0
-2048.0,-2048.0
-1328.0,-1277.0
440.0,510.0
1662.0,1783.0
1883.0,2036.0
1835.0,1943.0
394.0,411.0
-1608.0,-1509.0
-1998.0,-2048.0
-2048.0,-2040.0
-602.0,-471.0
1619.0,1611.0
1814.0,1992.0
1971.0,2047.0
648.0,638.0
-1727.0,-1535.0
-1973.0,-2048.0
-2048.0,-2020.0
-552.0,-375.0
1659.0,1583.0
1813.0,2008.0
1957.0,2016.0
701.0,613.0
-1594.0,-1300.0
-1985.0,-2031.0
-2048.0,-2034.0
-1052.0,-703.0
1219.0,993.0
1885.0,1971.0
1847.0,1985.0
1858.0,2022.0
1855.0,1922.0
1883.0,1522.0
1865.0,1685.0
1863.0,1986.0
1843.0,1974.0
1879.0,2047.0
1741.0,1353.0
293.0,248.0
-1082.0,-686.0
-2019.0,-1494.0
-1991.0,-1986.0
-2043.0,-2048.0
-1963.0,-2048.0
-2048.0,-1925.0
-1574.0,-859.0
338.0,254.0
1713.0,1307.0
1854.0,1808.0
1950.0,1567.0
1095.0,629.0
-1183.0,-606.0
-2045.0,-1619.0
-2009.0,-2047.0
-2021.0,-1874.0
-2040.0,-1402.0
-2048.0,-1118.0
-2043.0,-1235.0
-2041.0,-1641.0
-1997.0,-1946.0
-2048.0,-1750.0
-1833.0,-933.0
285.0,214.0
1843.0,1199.0
1828.0,1619.0
1991.0,1354.0
1136.0,573.0
-917.0,-398.0
-2011.0,-1248.0
-2011.0,-1788.0
-2035.0,-1997.0
-1975.0,-1892.0
-2048.0,-1431.0
-1508.0,-639.0
549.0,296.0
1825.0,1087.0
1864.0,1454.0
1978.0,1244.0
1175.0,552.0
-976.0,-337.0
-2045.0,-1121.0
-2022.0,-1621.0
-2040.0,-1809.0
-1992.0,-1692.0
-2048.0,-1279.0
-1623.0,-575.0
641.0,319.0
1922.0,1112.0
1825.0,1454.0
2026.0,1125.0
505.0,228.0
-1944.0,-764.0
-1959.0,-1288.0
-2048.0,-1044.0
-815.0,-187.0
1703.0,781.0
1858.0,1337.0
1978.0,1224.0
1478.0,568.0
-1019.0,-277.0
-2048.0,-972.0
-2005.0,-1360.0
-2048.0,-1451.0
-2008.0,-1312.0
-2048.0,-983.0
-1725.0,-482.0
200.0,120.0
1670.0,691.0
1972.0,1066.0
1838.0,1121.0
2019.0,855.0
1153.0,415.0
-178.0,32.0
-642.0,-139.0
-598.0,-103.0
-140.0,29.0
204.0,138.0
322.0,167.0
173.0,127.0
4.0,74.0
-78.0,53.0
-22.0,63.0
59.0,84.0
82.0,93.0
40.0,84.0
-5.0,73.0
-16.0,73.0
9.0,79.0
44.0,89.0
57.0,91.0
33.0,84.0
9.0,75.0
6.0,76.0
30.0,83.0
51.0,88.0
44.0,84.0
27.0,74.0
15.0,72.0
28.0,81.0
54.0,90.0
65.0,90.0
44.0,78.0
-24.0,59.0
-94.0,46.0
-77.0,54.0
85.0,89.0
285.0,133.0
383.0,152.0
173.0,118.0
-393.0,25.0
-1287.0,-114.0
-2048.0,-259.0
-2048.0,-352.0
-2048.0,-383.0
-2048.0,-363.0
-2048.0,-323.0
-2048.0,-282.0
-2048.0,-256.0
-2048.0,-255.0
-2048.0,-272.0
-2048.0,-274.0
-2048.0,-246.0
-2048.0,-209.0
-2048.0,-190.0
-2048.0,-193.0
-2048.0,-205.0
-2048.0,-234.0
-2048.0,-237.0
-2048.0,-170.0
-2043.0,-63.0
-480.0,55.0
1366.0,164.0
2000.0,250.0
1920.0,296.0
1969.0,282.0
1929.0,235.0
1989.0,192.0
1810.0,149.0
211.0,95.0
-1382.0,54.0
-2048.0,27.0
-2048.0,-6.0
-2048.0,-2.0
-2048.0,23.0
-2048.0,50.0
-1831.0,75.0
676.0,91.0
2047.0,85.0
1855.0,61.0
2047.0,58.0
540.0,73.0
-2048.0,112.0
-2007.0,171.0
-2048.0,179.0
-835.0,113.0
1851.0,28.0
1912.0,-18.0
2047.0,-21.0
1461.0,34.0
-1337.0,135.0
-2048.0,225.0
-2048.0,270.0
-2048.0,273.0
-2048.0,265.0
-2048.0,268.0
-2048.0,301.0
-2048.0,332.0
-2048.0,343.0
-2048.0,339.0
-2048.0,333.0
-2048.0,332.0
-2048.0,346.0
-2048.0,382.0
-2048.0,413.0
-2048.0,429.0
-2048.0,438.0
-2048.0,433.0
-2048.0,431.0
-2048.0,441.0
-2048.0,460.0
-2048.0,478.0
-2048.0,492.0
-2048.0,506.0
-2048.0,512.0
-2048.0,520.0
-2048.0,529.0
-2048.0,551.0
-2048.0,589.0
-2048.0,621.0
-2048.0,615.0
-2048.0,580.0
-2048.0,556.0
-2048.0,582.0
-2048.0,675.0
-2048.0,755.0
-2048.0,766.0
-2048.0,694.0
-2041.0,498.0
-388.0,178.0
1437.0,-184.0
2045.0,-508.0
1987.0,-743.0
2033.0,-860.0
1997.0,-840.0
2032.0,-659.0
1870.0,-337.0
161.0,73.0
-1599.0,481.0
-2048.0,806.0
-2048.0,988.0
-2048.0,1026.0
-2048.0,969.0
-2048.0,876.0
-2048.0,792.0
-2048.0,778.0
-2048.0,828.0
-2048.0,901.0
-2048.0,999.0
-2048.0,1102.0
-2048.0,1150.0
-2048.0,1037.0
-2045.0,699.0
-263.0,174.0
1623.0,-398.0
2047.0,-853.0
2015.0,-1081.0
2036.0,-1081.0
2018.0,-962.0
2019.0,-858.0
2014.0,-814.0
2014.0,-806.0
2016.0,-837.0
2016.0,-904.0
2027.0,-1014.0
2024.0,-1154.0
2042.0,-1222.0
2011.0,-1078.0
2015.0,-661.0
477.0,-25.0
-1523.0,669.0
-2048.0,1207.0
-2048.0,1471.0
-2048.0,1481.0
-2048.0,1359.0
-2048.0,1226.0
-2048.0,1143.0
-2048.0,1124.0
-2048.0,1154.0
-2048.0,1245.0
-2048.0,1390.0
-2048.0,1548.0
-2048.0,1622.0
-2048.0,1462.0
-2002.0,972.0
-226.0,213.0
1575.0,-597.0
2047.0,-1218.0
2031.0,-1530.0
2047.0,-1542.0
2035.0,-1385.0
2041.0,-1242.0
2028.0,-1170.0
2033.0,-1149.0
2030.0,-1174.0
2036.0,-1252.0
2042.0,-1401.0
2047.0,-1583.0
2047.0,-1668.0
2043.0,-1478.0
1992.0,-916.0
438.0,-63.0
-1438.0,854.0
-2048.0,1557.0
-2048.0,1893.0
-2048.0,1901.0
-2048.0,1730.0
-2048.0,1533.0
-2048.0,1431.0
-2048.0,1432.0
-2048.0,1485.0
-2048.0,1562.0
-2048.0,1717.0
-2048.0,1901.0
-2048.0,2008.0
-2048.0,1809.0
-1921.0,1183.0
-182.0,238.0
1506.0,-779.0
2047.0,-1563.0
2044.0,-1955.0
2047.0,-1966.0
2047.0,-1768.0
2047.0,-1550.0
2038.0,-1441.0
2047.0,-1418.0
2040.0,-1452.0
2047.0,-1539.0
2047.0,-1721.0
2047.0,-1948.0
2047.0,-2048.0
2047.0,-1824.0
1955.0,-1138.0
407.0,-98.0
-1312.0,1016.0
-2048.0,1851.0
-2048.0,2013.0
-2048.0,1998.0
-2048.0,1997.0
-2048.0,2005.0
-2048.0,1746.0
-2048.0,1710.0
-2048.0,1750.0
-2048.0,1874.0
-2048.0,1985.0
-2048.0,2016.0
-2048.0,1967.0
-2048.0,2047.0
-1775.0,1559.0
-125.0,216.0
1408.0,-965.0
2047.0,-1929.0
2043.0,-2048.0
2047.0,-2048.0
2047.0,-2048.0
2047.0,-2031.0
2046.0,-1750.0
2047.0,-1719.0
2042.0,-1665.0
2047.0,-1798.0
2047.0,-1996.0
2047.0,-2048.0
2041.0,-2006.0
2047.0,-2048.0
1772.0,-1381.0
-49.0,223.0
-1602.0,1602.0
-2048.0,2017.0
-2048.0,2034.0
-908.0,1067.0
897.0,-689.0
2029.0,-1896.0
2047.0,-2048.0
2047.0,-2044.0
2039.0,-2048.0
2047.0,-2048.0
1446.0,-1173.0
127.0,26.0
-820.0,1012.0
-1867.0,1916.0
-2048.0,1986.0
-2048.0,2026.0
-2048.0,1955.0
-2048.0,2047.0
-1285.0,1540.0
553.0,-387.0
1868.0,-1807.0
2047.0,-2048.0
2042.0,-1974.0
481.0,-279.0
-1545.0,1748.0
-2048.0,1968.0
-2048.0,2047.0
-436.0,781.0
1699.0,-1711.0
2047.0,-2017.0
2047.0,-2048.0
718.0,-565.0
-1574.0,1841.0
-2048.0,1934.0
-2048.0,2047.0
-369.0,679.0
1648.0,-1765.0
2047.0,-2016.0
2047.0,-2048.0
659.0,-619.0
-1295.0,1723.0
-2048.0,1960.0
-2039.0,2047.0
-670.0,1209.0
1060.0,-1218.0
2047.0,-2048.0
2047.0,-2043.0
2047.0,-2048.0
2033.0,-2046.0
1663.0,-2048.0
1772.0,-2041.0
2047.0,-2048.0
2029.0,-2026.0
2047.0,-2048.0
1448.0,-1789.0
283.0,-216.0
-705.0,1230.0
-1529.0,2037.0
-2048.0,1961.0
-2048.0,2035.0
-2048.0,1955.0
-1947.0,2047.0
-876.0,1674.0
280.0,-248.0
1414.0,-1814.0
1921.0,-2047.0
1710.0,-2048.0
713.0,-1003.0
-612.0,1295.0
-1647.0,2031.0
-2048.0,1991.0
-1932.0,2001.0
-1466.0,1996.0
-1160.0,1997.0
-1267.0,1996.0
-1673.0,2000.0
-1981.0,1994.0
-1796.0,2011.0
-986.0,1884.0
248.0,-173.0
1319.0,-1946.0
1753.0,-2020.0
1500.0,-2048.0
675.0,-1043.0
-384.0,1061.0
-1268.0,2021.0
-1806.0,1972.0
-2019.0,2024.0
-1903.0,1959.0
-1446.0,2047.0
-651.0,1605.0
357.0,-460.0
1183.0,-1921.0
1526.0,-2045.0
1325.0,-2048.0
616.0,-1108.0
-356.0,1093.0
-1167.0,2019.0
-1640.0,1985.0
-1801.0,2014.0
-1696.0,1971.0
-1319.0,2047.0
-614.0,1686.0
371.0,-566.0
1222.0,-2048.0
1556.0,-1994.0
1242.0,-2048.0
287.0,-373.0
-787.0,1964.0
-1274.0,1905.0
-1042.0,2047.0
-175.0,928.0
880.0,-1760.0
1431.0,-2035.0
1330.0,-2048.0
659.0,-1452.0
-280.0,1138.0
-987.0,2043.0
-1332.0,1971.0
-1387.0,2016.0
-1236.0,1975.0
-936.0,2036.0
-479.0,1786.0
168.0,-82.0
778.0,-1723.0
1145.0,-2048.0
1184.0,-2003.0
928.0,-2048.0
476.0,-1071.0
72.0,259.0
-111.0,752.0
-84.0,693.0
63.0,221.0
185.0,-132.0
220.0,-243.0
177.0,-95.0
115.0,79.0
90.0,160.0
105.0,104.0
125.0,30.0
130.0,2.0
116.0,40.0
103.0,87.0
102.0,95.0
113.0,62.0
129.0,27.0
132.0,24.0
124.0,60.0
115.0,85.0
110.0,71.0
115.0,45.0
118.0,30.0
121.0,37.0
120.0,53.0
118.0,67.0
118.0,61.0
123.0,34.0
132.0,15.0
124.0,35.0
101.0,107.0
89.0,176.0
99.0,161.0
133.0,-4.0
174.0,-212.0
194.0,-319.0
154.0,-92.0
38.0,473.0
-131.0,1395.0
-283.0,1998.0
-368.0,1984.0
-401.0,2002.0
-379.0,1989.0
-328.0,2000.0
-284.0,1993.0
-264.0,1998.0
-263.0,1993.0
-266.0,1997.0
-261.0,1993.0
-236.0,1996.0
-204.0,1991.0
-194.0,1995.0
-192.0,1988.0
-196.0,1997.0
-210.0,1983.0
-212.0,2001.0
-156.0,1972.0
-77.0,2008.0
74.0,598.0
232.0,-1319.0
303.0,-2048.0
325.0,-2036.0
340.0,-2048.0
307.0,-2028.0
269.0,-2048.0
225.0,-1771.0
136.0,-91.0
71.0,1430.0
44.0,2047.0
47.0,1961.0
48.0,2014.0
52.0,1970.0
46.0,2020.0
47.0,1810.0
139.0,-578.0
166.0,-2048.0
116.0,-1955.0
148.0,-2048.0
144.0,-395.0
138.0,1992.0
218.0,1886.0
186.0,2047.0
127.0,909.0
99.0,-1853.0
-7.0,-2020.0
13.0,-2048.0
113.0,-1401.0
165.0,1398.0
293.0,2040.0
374.0,1971.0
353.0,2000.0
300.0,1985.0
275.0,1995.0
290.0,1988.0
329.0,1993.0
375.0,1986.0
398.0,1990.0
388.0,1986.0
385.0,1989.0
399.0,1989.0
426.0,1990.0
453.0,1989.0
463.0,1989.0
466.0,1987.0
471.0,1986.0
472.0,1986.0
472.0,1986.0
484.0,1986.0
492.0,1985.0
495.0,1985.0
504.0,1986.0
521.0,1986.0
533.0,1986.0
532.0,1986.0
545.0,1986.0
573.0,1986.0
594.0,1985.0
593.0,1986.0
566.0,1983.0
555.0,1984.0
591.0,1980.0
681.0,1985.0
784.0,1978.0
817.0,1988.0
743.0,1973.0
508.0,1973.0
205.0,504.0
-116.0,-1365.0
-435.0,-2048.0
-686.0,-2047.0
-815.0,-2048.0
-795.0,-2041.0
-588.0,-2048.0
-246.0,-1811.0
115.0,-27.0
474.0,1583.0
799.0,2036.0
1005.0,1959.0
1051.0,1999.0
996.0,1973.0
910.0,1991.0
845.0,1978.0
815.0,1987.0
835.0,1982.0
893.0,1985.0
995.0,1985.0
1126.0,1982.0
1180.0,1987.0
1049.0,1979.0
686.0,1960.0
204.0,375.0
-320.0,-1543.0
-778.0,-2048.0
-1018.0,-2048.0
-1033.0,-2048.0
-924.0,-2048.0
-801.0,-2048.0
-739.0,-2048.0
-722.0,-2048.0
-728.0,-2048.0
-788.0,-2048.0
-918.0,-2048.0
-1069.0,-2048.0
-1149.0,-2048.0
-1018.0,-2048.0
-593.0,-1971.0
12.0,-313.0
679.0,1487.0
1252.0,2031.0
1543.0,1966.0
1539.0,1998.0
1390.0,1978.0
1237.0,1991.0
1160.0,1981.0
1150.0,1989.0
1179.0,1981.0
1257.0,1988.0
1406.0,1981.0
1585.0,1988.0
1647.0,1978.0
1454.0,1995.0
945.0,1912.0
238.0,334.0
-532.0,-1461.0
-1169.0,-2048.0
-1494.0,-2048.0
-1499.0,-2048.0
-1347.0,-2048.0
-1195.0,-2048.0
-1110.0,-2048.0
-1079.0,-2048.0
-1095.0,-2048.0
-1177.0,-2048.0
-1350.0,-2048.0
-1546.0,-2048.0
-1627.0,-2048.0
-1426.0,-2048.0
-845.0,-1899.0
-15.0,-278.0
886.0,1380.0
1613.0,2030.0
1901.0,1963.0
1858.0,2001.0
1911.0,1975.0
1653.0,1995.0
1459.0,1978.0
1483.0,1993.0
1488.0,1978.0
1585.0,1993.0
1741.0,1975.0
1894.0,1996.0
1850.0,1966.0
1927.0,2017.0
1266.0,1834.0
248.0,273.0
-699.0,-1357.0
-1537.0,-2048.0
-1947.0,-2048.0
-1963.0,-2048.0
-1715.0,-2048.0
-1490.0,-2048.0
-1369.0,-2048.0
-1344.0,-2048.0
-1369.0,-2048.0
-1471.0,-2048.0
-1687.0,-2048.0
-1908.0,-2048.0
-2025.0,-2042.0
-1758.0,-2048.0
-1036.0,-1807.0
-53.0,-249.0
1063.0,1252.0
1824.0,2019.0
1884.0,1962.0
1878.0,2004.0
1879.0,1972.0
1878.0,1997.0
1876.0,1975.0
1741.0,1996.0
1773.0,1973.0
1869.0,1998.0
1864.0,1968.0
1895.0,2007.0
1850.0,1951.0
1930.0,2047.0
1608.0,1678.0
287.0,175.0
-890.0,-1244.0
-1832.0,-2048.0
-2023.0,-2048.0
-1999.0,-2048.0
-2026.0,-2048.0
-1932.0,-2048.0
-1634.0,-2048.0
-1644.0,-1983.0
-1602.0,-1830.0
-1734.0,-1981.0
-1923.0,-2041.0
-2048.0,-2048.0
-1953.0,-2022.0
-2048.0,-2048.0
-1363.0,-1505.0
270.0,137.0
1594.0,1497.0
1876.0,2018.0
1942.0,1972.0
1142.0,889.0
-649.0,-736.0
-1843.0,-1897.0
-2033.0,-2048.0
-1995.0,-2048.0
-1998.0,-2048.0
-2031.0,-2043.0
-1130.0,-1112.0
63.0,-59.0
1071.0,803.0
1871.0,1702.0
1854.0,1989.0
1906.0,2000.0
1837.0,1952.0
1941.0,2047.0
1570.0,1193.0
-320.0,-423.0
-1786.0,-1589.0
-2033.0,-2048.0
-1958.0,-1740.0
-237.0,-278.0
1735.0,1358.0
1830.0,2020.0
1999.0,1919.0
856.0,445.0
-1688.0,-1430.0
-1959.0,-2048.0
-2048.0,-2022.0
-535.0,-471.0
1813.0,1393.0
1793.0,2010.0
2031.0,1901.0
779.0,338.0
-1733.0,-1341.0
-1960.0,-2048.0
-2048.0,-1842.0
-585.0,-409.0
1713.0,1113.0
1828.0,1986.0
1990.0,1785.0
1276.0,604.0
-1176.0,-813.0
-2048.0,-1877.0
-1982.0,-2048.0
-2018.0,-2048.0
-2014.0,-1590.0
-2048.0,-1294.0
-2017.0,-1466.0
-2039.0,-1762.0
-1979.0,-1923.0
-2048.0,-1667.0
-1786.0,-1040.0
-194.0,-198.0
1265.0,658.0
1959.0,1335.0
1845.0,1816.0
1909.0,1977.0
1837.0,2009.0
1953.0,1608.0
1699.0,789.0
-171.0,-175.0
-1806.0,-1105.0
-2017.0,-1564.0
-2048.0,-1364.0
-966.0,-526.0
1316.0,554.0
1932.0,1462.0
1874.0,1852.0
1893.0,1692.0
1906.0,1269.0
1928.0,989.0
1911.0,1081.0
1912.0,1438.0
1871.0,1699.0
1941.0,1443.0
1727.0,706.0
-158.0,-133.0
-1617.0,-783.0
-2048.0,-1041.0
-1936.0,-856.0
-685.0,-345.0
835.0,275.0
1903.0,805.0
1894.0,1150.0
1937.0,1289.0
1867.0,1198.0
2019.0,886.0
1413.0,400.0
-336.0,-170.0
-1568.0,-651.0
-2048.0,-865.0
-1947.0,-733.0
-738.0,-308.0
864.0,241.0
1910.0,730.0
1905.0,1043.0
1940.0,1158.0
1877.0,1085.0
2009.0,826.0
1494.0,388.0
-407.0,-164.0
-1812.0,-657.0
-2048.0,-871.0
-1979.0,-664.0
-219.0,-108.0
1728.0,505.0
1901.0,844.0
2034.0,695.0
853.0,155.0
-1490.0,-443.0
-2045.0,-785.0
-2048.0,-714.0
-1141.0,-312.0
966.0,194.0
1946.0,601.0
1909.0,827.0
1954.0,860.0
1893.0,745.0
2023.0,552.0
1550.0,286.0
-28.0,-39.0
-1379.0,-347.0
-2048.0,-557.0
-2048.0,-581.0
-1955.0,-427.0
-708.0,-190.0
198.0,9.0
675.0,96.0
582.0,78.0
243.0,10.0
-69.0,-50.0
-145.0,-70.0
-41.0,-46.0
107.0,-17.0
160.0,-8.0
123.0,-16.0
65.0,-21.0
52.0,-25.0
84.0,-24.0
120.0,-18.0
126.0,-16.0
98.0,-16.0
68.0,-21.0
59.0,-26.0
75.0,-24.0
98.0,-21.0
101.0,-21.0
86.0,-30.0
74.0,-34.0
78.0,-33.0
96.0,-30.0
105.0,-29.0
91.0,-28.0
63.0,-32.0
48.0,-33.0
71.0,-29.0
130.0,-20.0
189.0,-11.0
173.0,-15.0
47.0,-27.0
-125.0,-38.0
-203.0,-39.0
-40.0,-26.0
425.0,-5.0
1126.0,21.0
1830.0,49.0
1980.0,82.0
1957.0,100.0
1968.0,89.0
1964.0,61.0
1971.0,30.0
1967.0,13.0
1971.0,13.0
1967.0,10.0
1970.0,15.0
1965.0,23.0
1969.0,13.0
1964.0,-4.0
1970.0,-24.0
1963.0,-28.0
1971.0,-31.0
1958.0,-46.0
1986.0,-56.0
1851.0,-48.0
446.0,-30.0
-965.0,-2.0
-2040.0,46.0
-2048.0,95.0
-2048.0,111.0
-2048.0,103.0
-2048.0,81.0
-1432.0,39.0
-3.0,-28.0
1154.0,-110.0
1991.0,-188.0
1945.0,-263.0
2015.0,-315.0
1940.0,-322.0
2044.0,-270.0
1645.0,-153.0
-425.0,14.0
-1957.0,181.0
-2048.0,259.0
-2048.0,193.0
-263.0,-4.0
1795.0,-244.0
1944.0,-390.0
2047.0,-338.0
869.0,-101.0
-1611.0,190.0
-2048.0,374.0
-2048.0,355.0
-1158.0,131.0
1225.0,-189.0
2010.0,-448.0
1984.0,-558.0
1992.0,-521.0
1986.0,-437.0
1984.0,-395.0
1984.0,-402.0
1985.0,-440.0
1986.0,-484.0
1987.0,-502.0
1985.0,-481.0
1984.0,-454.0
1985.0,-455.0
1987.0,-486.0
1988.0,-521.0
1989.0,-543.0
1987.0,-538.0
1986.0,-536.0
1986.0,-540.0
1986.0,-549.0
1987.0,-564.0
1984.0,-574.0
1983.0,-573.0
1985.0,-584.0
1986.0,-612.0
1985.0,-631.0
1984.0,-641.0
1986.0,-652.0
1984.0,-665.0
1985.0,-669.0
1980.0,-660.0
1983.0,-644.0
1976.0,-639.0
1984.0,-668.0
1978.0,-750.0
1996.0,-848.0
1977.0,-880.0
2012.0,-777.0
1814.0,-516.0
367.0,-124.0
-980.0,307.0
-2048.0,686.0
-2048.0,954.0
-2048.0,1060.0
-2048.0,1009.0
-2048.0,807.0
-1452.0,447.0
42.0,-8.0
1301.0,-463.0
2030.0,-831.0
1967.0,-1032.0
2021.0,-1051.0
1977.0,-962.0
2002.0,-853.0
1973.0,-784.0
1994.0,-759.0
1976.0,-781.0
2000.0,-865.0
1984.0,-982.0
2015.0,-1083.0
1980.0,-1122.0
2037.0,-1007.0
1779.0,-660.0
275.0,-117.0
-1153.0,470.0
-2048.0,930.0
-2048.0,1159.0
-2048.0,1169.0
-2048.0,1058.0
-2048.0,933.0
-2048.0,865.0
-1917.0,855.0
-1954.0,886.0
-2048.0,950.0
-2048.0,1059.0
-2048.0,1191.0
-2048.0,1255.0
-2048.0,1128.0
-1638.0,720.0
-150.0,83.0
1195.0,-610.0
2021.0,-1138.0
1992.0,-1386.0
2035.0,-1391.0
1995.0,-1259.0
2015.0,-1119.0
1987.0,-1039.0
2008.0,-1019.0
1988.0,-1055.0
2014.0,-1134.0
1993.0,-1261.0
2035.0,-1416.0
1989.0,-1493.0
2047.0,-1340.0
1689.0,-873.0
221.0,-148.0
-1073.0,629.0
-2048.0,1222.0
-2048.0,1510.0
-2048.0,1524.0
-2048.0,1372.0
-2048.0,1212.0
-1831.0,1134.0
-1802.0,1123.0
-1826.0,1143.0
-1954.0,1211.0
-2048.0,1342.0
-2048.0,1509.0
-2048.0,1599.0
-2048.0,1429.0
-1485.0,911.0
-141.0,113.0
1106.0,-747.0
1988.0,-1408.0
2017.0,-1724.0
2047.0,-1718.0
2005.0,-1549.0
2039.0,-1382.0
1953.0,-1291.0
1797.0,-1278.0
1823.0,-1309.0
1938.0,-1384.0
2013.0,-1536.0
2047.0,-1733.0
2004.0,-1823.0
2047.0,-1635.0
1533.0,-1060.0
183.0,-175.0
-974.0,767.0
-1954.0,1489.0
-2048.0,1834.0
-2048.0,1835.0
-2048.0,1658.0
-1871.0,1474.0
-1667.0,1365.0
-1666.0,1335.0
-1679.0,1365.0
-1772.0,1457.0
-1961.0,1616.0
-2048.0,1810.0
-2048.0,1910.0
-2048.0,1708.0
-1243.0,1088.0
-165.0,141.0
1018.0,-878.0
1869.0,-1667.0
2047.0,-2042.0
2029.0,-2047.0
2047.0,-1838.0
1942.0,-1612.0
1662.0,-1492.0
1659.0,-1460.0
1655.0,-1500.0
1755.0,-1589.0
1912.0,-1790.0
2047.0,-1989.0
2025.0,-2048.0
2047.0,-1897.0
1317.0,-1185.0
172.0,-184.0
-914.0,926.0
-1774.0,1753.0
-2048.0,2014.0
-2048.0,1970.0
-1875.0,2012.0
-1661.0,1734.0
-1527.0,1576.0
-1477.0,1543.0
-1458.0,1498.0
-1533.0,1588.0
-1755.0,1801.0
-2045.0,2012.0
-2048.0,1951.0
-1880.0,2047.0
-1055.0,1244.0
128.0,-167.0
1233.0,-1332.0
1805.0,-2007.0
1587.0,-1756.0
695.0,-778.0
-495.0,591.0
-1557.0,1765.0
-2048.0,2013.0
-2048.0,1968.0
-2048.0,2000.0
-1564.0,1939.0
-802.0,1019.0
-43.0,39.0
724.0,-811.0
1375.0,-1685.0
1902.0,-2048.0
2043.0,-2048.0
2047.0,-2035.0
1953.0,-2048.0
905.0,-1233.0
-244.0,382.0
-1278.0,1621.0
-1716.0,2047.0
-1321.0,1830.0
-183.0,293.0
1101.0,-1527.0
1808.0,-2048.0
1547.0,-2048.0
367.0,-557.0
-1059.0,1539.0
-1828.0,1979.0
-1533.0,2038.0
-297.0,544.0
1129.0,-1639.0
1843.0,-2048.0
1520.0,-2048.0
312.0,-502.0
-1026.0,1575.0
-1675.0,1986.0
-1380.0,2014.0
-298.0,583.0
946.0,-1503.0
1622.0,-2048.0
1465.0,-2048.0
556.0,-939.0
-623.0,1106.0
-1462.0,1983.0
-1719.0,1991.0
-1526.0,1972.0
-1200.0,2012.0
-1025.0,1811.0
-1134.0,1844.0
-1375.0,2032.0
-1478.0,1937.0
-1296.0,2047.0
-800.0,1603.0
-113.0,199.0
566.0,-948.0
1115.0,-1959.0
1457.0,-2048.0
1630.0,-2048.0
1592.0,-2020.0
1304.0,-2048.0
696.0,-1402.0
-113.0,274.0
-833.0,1604.0
-1180.0,2021.0
-1021.0,1983.0
-376.0,882.0
502.0,-1045.0
1202.0,-2024.0
1483.0,-2048.0
1366.0,-2041.0
1073.0,-2048.0
867.0,-1848.0
932.0,-1854.0
1181.0,-2048.0
1353.0,-2005.0
1248.0,-2048.0
731.0,-1661.0
-77.0,227.0
-763.0,1721.0
-1032.0,1996.0
-872.0,2011.0
-331.0,878.0
335.0,-787.0
905.0,-1946.0
1266.0,-2048.0
1402.0,-2048.0
1297.0,-2026.0
994.0,-2048.0
491.0,-1319.0
-131.0,439.0
-649.0,1707.0
-872.0,2016.0
-744.0,2003.0
-290.0,927.0
314.0,-828.0
823.0,-1973.0
1113.0,-2048.0
1214.0,-2048.0
1145.0,-2032.0
915.0,-2048.0
467.0,-1417.0
-150.0,544.0
-678.0,1855.0
-875.0,2003.0
-669.0,1990.0
-80.0,375.0
572.0,-1770.0
874.0,-2048.0
745.0,-2048.0
199.0,-719.0
-454.0,1562.0
-789.0,1962.0
-736.0,2047.0
-328.0,1257.0
258.0,-895.0
704.0,-2040.0
898.0,-2048.0
920.0,-2048.0
824.0,-2025.0
656.0,-2048.0
376.0,-1462.0
-1.0,142.0
-355.0,1477.0
-566.0,2047.0
-578.0,1950.0
-447.0,1993.0
-186.0,844.0
40.0,-133.0
149.0,-574.0
131.0,-491.0
47.0,-134.0
-23.0,165.0
-42.0,247.0
-19.0,131.0
15.0,-12.0
27.0,-71.0
16.0,-30.0
5.0,33.0
5.0,46.0
13.0,9.0
17.0,-25.0
19.0,-26.0
13.0,-4.0
1.0,24.0
-3.0,32.0
6.0,15.0
16.0,-5.0
13.0,-13.0
4.0,0.0
0.0,18.0
2.0,13.0
11.0,-2.0
17.0,-11.0
16.0,5.0
14.0,31.0
11.0,44.0
18.0,23.0
20.0,-37.0
19.0,-97.0
17.0,-80.0
9.0,43.0
-3.0,221.0
-9.0,295.0
-1.0,135.0
34.0,-350.0
80.0,-1034.0
114.0,-1789.0
128.0,-2048.0
129.0,-2048.0
132.0,-2048.0
117.0,-2048.0
85.0,-2048.0
75.0,-2048.0
85.0,-2048.0
75.0,-2048.0
62.0,-2048.0
67.0,-2048.0
66.0,-2048.0
41.0,-2048.0
17.0,-2048.0
5.0,-2047.0
2.0,-2048.0
-4.0,-2030.0
-1.0,-2048.0
3.0,-1756.0
-5.0,-322.0
25.0,1039.0
78.0,2008.0
153.0,1957.0
175.0,2031.0
163.0,1946.0
105.0,2047.0
53.0,1522.0
24.0,81.0
-32.0,-1051.0
-95.0,-2007.0
-174.0,-2041.0
-231.0,-2048.0
-274.0,-2015.0
-225.0,-2048.0
-92.0,-1556.0
39.0,542.0
183.0,1905.0
268.0,1987.0
184.0,2013.0
21.0,398.0
-164.0,-1763.0
-313.0,-2037.0
-246.0,-2048.0
-45.0,-712.0
180.0,1621.0
377.0,1968.0
343.0,2047.0
126.0,1222.0
-120.0,-1133.0
-366.0,-2048.0
-484.0,-2048.0
-442.0,-2048.0
-342.0,-2048.0
-284.0,-2048.0
-297.0,-2048.0
-346.0,-2048.0
-396.0,-2048.0
-423.0,-2048.0
-422.0,-2048.0
-415.0,-2048.0
-421.0,-2048.0
-436.0,-2048.0
-450.0,-2048.0
-453.0,-2048.0
-446.0,-2048.0
-448.0,-2048.0
-455.0,-2048.0
-461.0,-2048.0
-470.0,-2048.0
-478.0,-2048.0
-495.0,-2048.0
-509.0,-2048.0
-515.0,-2048.0
-525.0,-2048.0
-539.0,-2048.0
-563.0,-2048.0
-599.0,-2048.0
-609.0,-2048.0
-583.0,-2048.0
-543.0,-2048.0
-523.0,-2044.0
-561.0,-2048.0
-657.0,-2036.0
-752.0,-2048.0
-795.0,-2017.0
-693.0,-2048.0
-437.0,-1655.0
-88.0,-230.0
310.0,1029.0
668.0,1995.0
938.0,1972.0
1036.0,2040.0
996.0,1953.0
789.0,2047.0
444.0,1507.0
33.0,39.0
-397.0,-1157.0
-741.0,-2014.0
-943.0,-2044.0
-973.0,-2048.0
-900.0,-2045.0
-793.0,-2048.0
-712.0,-2048.0
-695.0,-1884.0
-713.0,-1887.0
-773.0,-2037.0
-886.0,-2033.0
-1013.0,-2048.0
-1069.0,-2012.0
-925.0,-2048.0
-575.0,-1607.0
-75.0,-146.0
477.0,1196.0
929.0,2020.0
1170.0,1982.0
1169.0,2023.0
1047.0,1990.0
921.0,2018.0
861.0,1991.0
853.0,2020.0
886.0,1914.0
949.0,2010.0
1070.0,1990.0
1214.0,2022.0
1283.0,1972.0
1129.0,2047.0
711.0,1655.0
113.0,219.0
-541.0,-1048.0
-1046.0,-1996.0
-1301.0,-2047.0
-1299.0,-2048.0
-1175.0,-2040.0
-1034.0,-2048.0
-959.0,-1820.0
-950.0,-1759.0
-973.0,-1780.0
-1030.0,-1897.0
-1155.0,-2027.0
-1320.0,-2048.0
-1414.0,-2021.0
-1255.0,-2048.0
-798.0,-1444.0
-113.0,-112.0
630.0,1093.0
1203.0,1976.0
1507.0,1987.0
1510.0,2026.0
1351.0,1980.0
1186.0,2040.0
1104.0,1887.0
1094.0,1771.0
1119.0,1798.0
1190.0,1914.0
1338.0,2006.0
1513.0,2014.0
1596.0,1975.0
1415.0,2047.0
902.0,1522.0
150.0,206.0
-666.0,-941.0
-1302.0,-1882.0
-1622.0,-2048.0
-1624.0,-2040.0
-1446.0,-2048.0
-1273.0,-1879.0
-1190.0,-1609.0
-1175.0,-1617.0
-1207.0,-1608.0
-1293.0,-1713.0
-1453.0,-1873.0
-1634.0,-2048.0
-1714.0,-2039.0
-1506.0,-2048.0
-959.0,-1242.0
-120.0,-118.0
773.0,1013.0
1461.0,1860.0
1806.0,2025.0
1824.0,1987.0
1639.0,2034.0
1450.0,1880.0
1359.0,1607.0
1335.0,1618.0
1373.0,1615.0
1452.0,1714.0
1628.0,1855.0
1801.0,2012.0
1869.0,1987.0
1781.0,2021.0
1095.0,1266.0
187.0,213.0
-813.0,-828.0
-1566.0,-1656.0
-1931.0,-2024.0
-1928.0,-2018.0
-1737.0,-1783.0
-1534.0,-1563.0
-1432.0,-1427.0
-1418.0,-1385.0
-1454.0,-1396.0
-1533.0,-1488.0
-1700.0,-1645.0
-1912.0,-1830.0
-2023.0,-1900.0
-1801.0,-1675.0
-1138.0,-1042.0
-143.0,-91.0
933.0,922.0
1730.0,1669.0
1876.0,1987.0
1844.0,1976.0
1880.0,1754.0
1831.0,1577.0
1568.0,1470.0
1542.0,1411.0
1507.0,1382.0
1606.0,1428.0
1793.0,1640.0
1891.0,1898.0
1809.0,2033.0
1944.0,1781.0
1299.0,1011.0
-131.0,-19.0
-1264.0,-1001.0
-1943.0,-1482.0
-1687.0,-1300.0
-732.0,-520.0
613.0,531.0
1722.0,1473.0
1866.0,1982.0
1850.0,1985.0
1841.0,2027.0
1895.0,1474.0
1089.0,777.0
49.0,124.0
-755.0,-556.0
-1644.0,-1107.0
-2023.0,-1573.0
-2040.0,-1858.0
-1981.0,-1878.0
-2048.0,-1497.0
-1183.0,-715.0
408.0,312.0
1606.0,1217.0
1922.0,1600.0
1800.0,1230.0
343.0,232.0
-1457.0,-907.0
-2048.0,-1540.0
-2028.0,-1270.0
-506.0,-217.0
1518.0,1013.0
1853.0,1691.0
1956.0,1409.0
613.0,329.0
-1592.0,-893.0
-2026.0,-1521.0
-2048.0,-1204.0
-468.0,-164.0
1554.0,972.0
1859.0,1562.0
1941.0,1292.0
631.0,349.0
-1476.0,-702.0
-2034.0,-1290.0
-2048.0,-1137.0
-912.0,-368.0
1096.0,605.0
1889.0,1328.0
1871.0,1551.0
1876.0,1378.0
1904.0,1092.0
1869.0,943.0
1810.0,1028.0
1919.0,1240.0
1847.0,1349.0
1945.0,1190.0
1627.0,764.0
229.0,192.0
-903.0,-375.0
-1919.0,-827.0
-2045.0,-1132.0
-2048.0,-1277.0
-2000.0,-1243.0
-2048.0,-979.0
-1356.0,-473.0
307.0,179.0
1597.0,769.0
1918.0,1064.0
1931.0,923.0
942.0,386.0
-1004.0,-318.0
-1998.0,-891.0
-2048.0,-1125.0
-2026.0,-1015.0
-2048.0,-754.0
-1801.0,-581.0
-1823.0,-638.0
-2048.0,-866.0
-1989.0,-1045.0
-2048.0,-944.0
-1631.0,-488.0
260.0,152.0
1710.0,693.0
1897.0,921.0
1968.0,777.0
933.0,351.0
-760.0,-173.0
-1921.0,-625.0
-2048.0,-917.0
-2048.0,-1037.0
-2021.0,-963.0
-2048.0,-689.0
-1284.0,-272.0
472.0,200.0
1694.0,591.0
1926.0,766.0
1961.0,664.0
977.0,320.0
-796.0,-130.0
-1966.0,-523.0
-2048.0,-755.0
-2048.0,-837.0
-2034.0,-785.0
-2048.0,-592.0
-1390.0,-250.0
572.0,188.0
1824.0,577.0
1913.0,747.0
1956.0,586.0
445.0,150.0
-1745.0,-321.0
-2048.0,-559.0
-2048.0,-441.0
-692.0,-45.0
1562.0,407.0
1892.0,657.0
2016.0,588.0
1301.0,285.0
-852.0,-89.0
-2039.0,-401.0
-2048.0,-577.0
-2048.0,-596.0
-2041.0,-511.0
-2048.0,-366.0
-1432.0,-164.0
179.0,88.0
1481.0,326.0
2004.0,465.0
1873.0,467.0
1981.0,357.0
907.0,198.0
-113.0,63.0
-538.0,-5.0
-470.0,0.0
-104.0,50.0
193.0,91.0
275.0,101.0
156.0,87.0
13.0,67.0
-47.0,62.0
-3.0,72.0
60.0,80.0
80.0,80.0
45.0,71.0
5.0,66.0
-2.0,68.0
23.0,71.0
53.0,74.0
61.0,69.0
43.0,69.0
20.0,73.0
17.0,75.0
35.0,76.0
52.0,75.0
52.0,74.0
35.0,76.0
26.0,71.0
39.0,72.0
63.0,78.0
79.0,84.0
57.0,82.0
-2.0,74.0
-63.0,72.0
-49.0,74.0
76.0,75.0
261.0,75.0
332.0,77.0
169.0,80.0
-315.0,80.0
-1006.0,96.0
-1772.0,129.0
-2048.0,159.0
-2048.0,187.0
-2048.0,186.0
-2048.0,178.0
-2048.0,169.0
-2048.0,161.0
-2048.0,174.0
-2048.0,208.0
-2048.0,232.0
-2048.0,237.0
-2048.0,245.0
-2048.0,248.0
-2048.0,259.0
-2048.0,288.0
-2048.0,328.0
-2048.0,339.0
-2048.0,312.0
-1747.0,242.0
-289.0,122.0
1077.0,-34.0
1996.0,-177.0
1928.0,-288.0
2008.0,-341.0
1924.0,-309.0
2042.0,-220.0
1577.0,-95.0
122.0,58.0
-1012.0,217.0
-2027.0,378.0
-2048.0,518.0
-2048.0,602.0
-2048.0,614.0
-2048.0,525.0
-1562.0,308.0
580.0,4.0
1904.0,-267.0
1955.0,-395.0
2015.0,-289.0
461.0,33.0
-1773.0,405.0
-2048.0,614.0
-2048.0,528.0
-690.0,181.0
1647.0,-244.0
1956.0,-503.0
2047.0,-459.0
1280.0,-142.0
-1103.0,298.0
-2048.0,666.0
-2048.0,826.0
-2048.0,789.0
-2048.0,663.0
-2048.0,559.0
-2048.0,548.0
-2048.0,598.0
-2048.0,650.0
-2048.0,673.0
-2048.0,660.0
-2048.0,653.0
-2048.0,663.0
-2048.0,677.0
-2048.0,697.0
-2048.0,718.0
-2048.0,727.0
-2048.0,725.0
-2048.0,722.0
-2048.0,730.0
-2048.0,738.0
-2048.0,749.0
-2048.0,776.0
-2048.0,795.0
-2048.0,797.0
-2048.0,794.0
-2048.0,791.0
-2048.0,812.0
-2048.0,854.0
-2048.0,881.0
-2048.0,866.0
-2048.0,823.0
-2048.0,793.0
-2048.0,827.0
-2048.0,936.0
-2048.0,1064.0
-2048.0,1115.0
-2048.0,995.0
-1657.0,669.0
-216.0,189.0
1064.0,-333.0
2018.0,-777.0
1980.0,-1079.0
2047.0,-1213.0
1972.0,-1162.0
2047.0,-917.0
1573.0,-489.0
76.0,59.0
-1133.0,600.0
-2048.0,1022.0
-2048.0,1262.0
-2048.0,1301.0
-2048.0,1205.0
-2048.0,1083.0
-2025.0,1006.0
-1827.0,985.0
-1884.0,1006.0
-2047.0,1075.0
-2048.0,1189.0
-2048.0,1313.0
-2048.0,1362.0
-2048.0,1221.0
-1590.0,818.0
-106.0,188.0
1230.0,-503.0
2040.0,-1044.0
2003.0,-1315.0
2047.0,-1319.0
2006.0,-1169.0
2027.0,-1022.0
1999.0,-957.0
2021.0,-958.0
2001.0,-986.0
2026.0,-1045.0
2006.0,-1168.0
2046.0,-1333.0
2003.0,-1409.0
2047.0,-1245.0
1725.0,-769.0
272.0,-47.0
-1019.0,736.0
-2026.0,1333.0
-2048.0,1610.0
-2048.0,1613.0
-2048.0,1474.0
-2048.0,1317.0
-1784.0,1212.0
-1777.0,1192.0
-1776.0,1224.0
-1902.0,1303.0
-2048.0,1449.0
-2048.0,1625.0
-2048.0,1709.0
-2048.0,1534.0
-1411.0,1010.0
-92.0,209.0
1160.0,-646.0
2013.0,-1308.0
2031.0,-1638.0
2047.0,-1649.0
2026.0,-1477.0
2035.0,-1288.0
2011.0,-1188.0
1868.0,-1176.0
1866.0,-1206.0
1983.0,-1292.0
2017.0,-1451.0
2047.0,-1633.0
2012.0,-1715.0
2047.0,-1525.0
1609.0,-955.0
243.0,-83.0
-928.0,846.0
-1911.0,1562.0
-2048.0,1912.0
-2048.0,1914.0
-2048.0,1729.0
-1815.0,1538.0
-1625.0,1438.0
-1604.0,1422.0
-1619.0,1451.0
-1721.0,1528.0
-1907.0,1701.0
-2048.0,1906.0
-2048.0,2012.0
-1974.0,1795.0
-1203.0,1157.0
-109.0,219.0
1091.0,-785.0
1926.0,-1556.0
2047.0,-1927.0
2047.0,-1922.0
2047.0,-1731.0
2005.0,-1530.0
1710.0,-1419.0
1696.0,-1389.0
1715.0,-1421.0
1819.0,-1513.0
1964.0,-1690.0
2047.0,-1907.0
2029.0,-2001.0
2047.0,-1775.0
1413.0,-1112.0
239.0,-109.0
-820.0,965.0
-1694.0,1788.0
-2048.0,2027.0
-2048.0,1973.0
-1833.0,2033.0
-1604.0,1823.0
-1459.0,1590.0
-1425.0,1622.0
-1441.0,1634.0
-1528.0,1758.0
-1683.0,1913.0
-1867.0,2026.0
-1947.0,1960.0
-1721.0,2047.0
-1067.0,1419.0
-54.0,216.0
982.0,-899.0
1794.0,-1825.0
2047.0,-2048.0
2047.0,-2048.0
1912.0,-2048.0
1630.0,-1816.0
1567.0,-1624.0
1483.0,-1601.0
1470.0,-1554.0
1508.0,-1661.0
1728.0,-1898.0
1959.0,-2048.0
2047.0,-2014.0
1895.0,-2048.0
1078.0,-1257.0
12.0,203.0
-1008.0,1484.0
-1510.0,2014.0
-1326.0,1981.0
-516.0,913.0
577.0,-608.0
1550.0,-1813.0
2047.0,-2048.0
2031.0,-2029.0
2047.0,-2048.0
1605.0,-1994.0
832.0,-1040.0
165.0,-1.0
-542.0,913.0
-1127.0,1807.0
-1593.0,1999.0
-1849.0,2014.0
-1849.0,1957.0
-1482.0,2047.0
-710.0,1392.0
350.0,-367.0
1280.0,-1655.0
1685.0,-2048.0
1323.0,-1858.0
287.0,-249.0
-882.0,1618.0
-1498.0,1999.0
-1254.0,2047.0
-198.0,671.0
1081.0,-1579.0
1764.0,-2047.0
1510.0,-2048.0
393.0,-500.0
-900.0,1705.0
-1542.0,1969.0
-1247.0,2047.0
-156.0,610.0
1046.0,-1619.0
1621.0,-2048.0
1358.0,-2048.0
381.0,-535.0
-727.0,1568.0
-1308.0,1977.0
-1168.0,2047.0
-373.0,1063.0
666.0,-1099.0
1412.0,-2034.0
1646.0,-2048.0
1473.0,-2043.0
1183.0,-2048.0
1029.0,-1808.0
1123.0,-1900.0
1330.0,-2048.0
1436.0,-2005.0
1301.0,-2048.0
858.0,-1570.0
225.0,-159.0
-390.0,1032.0
-873.0,1957.0
-1167.0,1967.0
-1316.0,2032.0
-1275.0,1945.0
-1012.0,2047.0
-494.0,1495.0
210.0,-234.0
834.0,-1620.0
1128.0,-2048.0
995.0,-2036.0
441.0,-837.0
-316.0,1117.0
-904.0,2002.0
-1138.0,1994.0
-1043.0,1995.0
-788.0,1998.0
-618.0,1981.0
-658.0,1893.0
-873.0,2026.0
-1026.0,1961.0
-922.0,2047.0
-489.0,1722.0
190.0,-180.0
773.0,-1737.0
1004.0,-2048.0
863.0,-2047.0
404.0,-829.0
-160.0,867.0
-621.0,1947.0
-890.0,1982.0
-1000.0,2020.0
-932.0,1949.0
-691.0,2047.0
-275.0,1401.0
245.0,-405.0
677.0,-1705.0
860.0,-2048.0
748.0,-2036.0
370.0,-875.0
-122.0,886.0
-530.0,1957.0
-755.0,1989.0
-825.0,2015.0
-748.0,1957.0
-561.0,2047.0
-232.0,1493.0
240.0,-489.0
645.0,-1893.0
797.0,-2048.0
641.0,-2031.0
179.0,-313.0
-333.0,1780.0
-573.0,1963.0
-476.0,2047.0
-48.0,800.0
462.0,-1569.0
711.0,-2033.0
678.0,-2048.0
369.0,-1228.0
-73.0,960.0
-389.0,2003.0
-524.0,1971.0
-545.0,2022.0
-468.0,1950.0
-351.0,2047.0
-162.0,1526.0
123.0,-90.0
395.0,-1469.0
544.0,-2048.0
523.0,-2041.0
422.0,-2012.0
239.0,-798.0
90.0,161.0
26.0,632.0
39.0,548.0
89.0,188.0
132.0,-127.0
144.0,-198.0
126.0,-82.0
104.0,66.0
99.0,126.0
107.0,86.0
115.0,20.0
119.0,-4.0
121.0,29.0
116.0,70.0
110.0,78.0
110.0,55.0
113.0,30.0
116.0,27.0
115.0,43.0
110.0,60.0
107.0,55.0
109.0,32.0
112.0,21.0
114.0,33.0
110.0,49.0
104.0,59.0
107.0,49.0
113.0,20.0
117.0,0.0
115.0,14.0
108.0,75.0
102.0,139.0
104.0,127.0
107.0,6.0
112.0,-172.0
116.0,-253.0
114.0,-88.0
107.0,396.0
104.0,1083.0
110.0,1804.0
141.0,2012.0
173.0,1982.0
185.0,1998.0
178.0,1989.0
169.0,1997.0
174.0,1990.0
182.0,1996.0
192.0,1989.0
201.0,1996.0
219.0,1988.0
236.0,1995.0
243.0,1984.0
253.0,1996.0
278.0,1979.0
313.0,2001.0
343.0,1968.0
313.0,2028.0
225.0,1785.0
138.0,372.0
23.0,-990.0
-88.0,-2024.0
-213.0,-2043.0
-278.0,-2048.0
-262.0,-2021.0
-151.0,-2048.0
-22.0,-1446.0
94.0,-48.0
227.0,1074.0
356.0,1970.0
501.0,1962.0
597.0,2022.0
623.0,1944.0
520.0,2047.0
295.0,1574.0
39.0,-477.0
-221.0,-1921.0
-341.0,-2048.0
-200.0,-2033.0
75.0,-313.0
399.0,1747.0
637.0,1962.0
531.0,2047.0
196.0,766.0
-160.0,-1604.0
-426.0,-2044.0
-372.0,-2048.0
-61.0,-1154.0
315.0,1149.0
656.0,2003.0
805.0,1982.0
767.0,1990.0
662.0,1988.0
579.0,1988.0
570.0,1989.0
617.0,1987.0
659.0,1986.0
674.0,1986.0
668.0,1985.0
656.0,1986.0
657.0,1987.0
681.0,1987.0
706.0,1986.0
727.0,1986.0
738.0,1984.0
742.0,1984.0
751.0,1983.0
759.0,1983.0
765.0,1983.0
767.0,1983.0
780.0,1982.0
801.0,1983.0
816.0,1983.0
817.0,1985.0
814.0,1982.0
832.0,1985.0
860.0,1981.0
877.0,1986.0
860.0,1978.0
810.0,1986.0
779.0,1973.0
812.0,1989.0
924.0,1968.0
1056.0,1996.0
1088.0,1952.0
942.0,2034.0
631.0,1679.0
216.0,267.0
-258.0,-952.0
-682.0,-1991.0
-1006.0,-2048.0
-1140.0,-2048.0
-1069.0,-2030.0
-794.0,-2048.0
-395.0,-1394.0
85.0,3.0
585.0,1180.0
985.0,1977.0
1228.0,1966.0
1267.0,1992.0
1174.0,1974.0
1057.0,1982.0
976.0,1989.0
948.0,1904.0
971.0,1853.0
1049.0,1999.0
1187.0,1958.0
1326.0,2009.0
1380.0,1943.0
1222.0,2047.0
812.0,1601.0
212.0,171.0
-446.0,-1095.0
-948.0,-2020.0
-1214.0,-2048.0
-1222.0,-2048.0
-1087.0,-2048.0
-942.0,-2048.0
-869.0,-1892.0
-863.0,-1795.0
-898.0,-1825.0
-966.0,-1939.0
-1089.0,-2048.0
-1252.0,-2048.0
-1336.0,-2044.0
-1173.0,-2048.0
-712.0,-1515.0
-23.0,-168.0
726.0,1039.0
1303.0,1942.0
1601.0,1968.0
1601.0,2002.0
1444.0,1961.0
1284.0,2016.0
1219.0,1786.0
1211.0,1700.0
1237.0,1739.0
1300.0,1851.0
1434.0,1967.0
1626.0,1999.0
1719.0,1950.0
1526.0,2047.0
1009.0,1444.0
239.0,153.0
-603.0,-981.0
-1253.0,-1908.0
-1592.0,-2048.0
-1602.0,-2048.0
-1419.0,-2048.0
-1250.0,-1878.0
-1162.0,-1619.0
-1135.0,-1639.0
-1163.0,-1641.0
-1244.0,-1756.0
-1397.0,-1918.0
-1565.0,-2048.0
-1646.0,-2048.0
-1441.0,-2048.0
-901.0,-1294.0
-47.0,-173.0
855.0,943.0
1574.0,1798.0
1849.0,2005.0
1885.0,1963.0
1804.0,2017.0
1509.0,1817.0
1442.0,1556.0
1419.0,1556.0
1457.0,1553.0
1539.0,1658.0
1699.0,1825.0
1854.0,1990.0
1853.0,1972.0
1894.0,1982.0
1232.0,1206.0
242.0,148.0
-715.0,-892.0
-1490.0,-1743.0
-1838.0,-2048.0
-1854.0,-2048.0
-1656.0,-1884.0
-1462.0,-1608.0
-1351.0,-1507.0
-1343.0,-1452.0
-1371.0,-1480.0
-1456.0,-1555.0
-1622.0,-1725.0
-1838.0,-1908.0
-1942.0,-1980.0
-1730.0,-1743.0
-1076.0,-1115.0
-77.0,-174.0
994.0,822.0
1774.0,1577.0
1880.0,1925.0
1871.0,1923.0
1879.0,1697.0
1897.0,1492.0
1654.0,1372.0
1626.0,1332.0
1659.0,1339.0
1765.0,1409.0
1854.0,1555.0
1899.0,1729.0
1844.0,1799.0
1951.0,1591.0
1487.0,1004.0
225.0,125.0
-851.0,-805.0
-1771.0,-1500.0
-2029.0,-1800.0
-2022.0,-1767.0
-2039.0,-1579.0
-1739.0,-1401.0
-1578.0,-1297.0
-1545.0,-1243.0
-1495.0,-1221.0
-1596.0,-1268.0
-1832.0,-1446.0
-2048.0,-1685.0
-1974.0,-1782.0
-2048.0,-1534.0
-1207.0,-872.0
220.0,68.0
1489.0,956.0
1910.0,1409.0
1931.0,1226.0
988.0,512.0
-578.0,-435.0
-1749.0,-1276.0
-2048.0,-1786.0
-1978.0,-1908.0
-2048.0,-1692.0
-1962.0,-1250.0
-982.0,-677.0
31.0,-65.0
947.0,515.0
1792.0,1027.0
1891.0,1435.0
1901.0,1684.0
1841.0,1693.0
1974.0,1351.0
1430.0,657.0
-329.0,-231.0
-1619.0,-1017.0
-2048.0,-1357.0
-1837.0,-1042.0
-203.0,-172.0
1598.0,807.0
1883.0,1351.0
1987.0,1126.0
740.0,231.0
-1566.0,-816.0
-2025.0,-1390.0
-2048.0,-1155.0
-486.0,-246.0
1709.0,786.0
1856.0,1324.0
2017.0,1069.0
681.0,192.0
-1594.0,-775.0
-2040.0,-1272.0
-2048.0,-1043.0
-504.0,-249.0
1585.0,641.0
1882.0,1148.0
2002.0,1021.0
1133.0,354.0
-1051.0,-486.0
-2022.0,-1088.0
-2048.0,-1267.0
-2037.0,-1115.0
-2048.0,-863.0
-1769.0,-739.0
-1880.0,-819.0
-2048.0,-1002.0
-1996.0,-1090.0
-2048.0,-954.0
-1563.0,-599.0
-134.0,-124.0
1078.0,349.0
1933.0,736.0
1879.0,1003.0
1943.0,1123.0
1862.0,1079.0
2004.0,844.0
1547.0,418.0
-186.0,-116.0
-1577.0,-604.0
-2048.0,-861.0
-2033.0,-748.0
-776.0,-291.0
1126.0,302.0
1943.0,777.0
1904.0,972.0
1925.0,884.0
1921.0,668.0
1940.0,519.0
1924.0,544.0
1937.0,713.0
1900.0,850.0
1961.0,764.0
1747.0,409.0
-118.0,-78.0
-1705.0,-494.0
-2048.0,-667.0
-2048.0,-553.0
-802.0,-234.0
896.0,160.0
1922.0,493.0
1905.0,690.0
1950.0,767.0
1877.0,745.0
2022.0,580.0
1437.0,264.0
-363.0,-111.0
-1670.0,-412.0
-2048.0,-535.0
-2044.0,-449.0
-840.0,-194.0
914.0,129.0
1924.0,417.0
1918.0,595.0
1949.0,651.0
1892.0,605.0
2010.0,447.0
1521.0,195.0
-442.0,-102.0
-1884.0,-350.0
-2048.0,-440.0
-2048.0,-322.0
-279.0,-61.0
1768.0,217.0
1900.0,356.0
2047.0,280.0
868.0,49.0
-1547.0,-209.0
-2048.0,-346.0
-2048.0,-311.0
-1216.0,-145.0
991.0,65.0
1963.0,227.0
1920.0,308.0
1969.0,320.0
1905.0,272.0
2026.0,183.0
1574.0,77.0
-48.0,-41.0
-1447.0,-141.0
-2048.0,-190.0
-2048.0,-184.0
-2012.0,-137.0
-753.0,-73.0
192.0,-22.0
663.0,2.0
573.0,-2.0
224.0,-23.0
-89.0,-43.0
-169.0,-44.0
-59.0,-33.0
98.0,-21.0
158.0,-19.0
118.0,-26.0
50.0,-33.0
31.0,-32.0
71.0,-25.0
112.0,-27.0
113.0,-32.0
87.0,-34.0
63.0,-34.0
54.0,-32.0
67.0,-30.0
90.0,-31.0
95.0,-34.0
77.0,-34.0
59.0,-33.0
63.0,-35.0
81.0,-31.0
89.0,-26.0
77.0,-24.0
54.0,-25.0
40.0,-25.0
60.0,-25.0
120.0,-30.0
174.0,-36.0
158.0,-37.0
33.0,-24.0
-141.0,-10.0
-220.0,-3.0
-51.0,-14.0
424.0,-57.0
1128.0,-130.0
1830.0,-218.0
1983.0,-277.0
1964.0,-310.0
1976.0,-337.0
1970.0,-341.0
1974.0,-317.0
1969.0,-299.0
1973.0,-316.0
1971.0,-353.0
1976.0,-384.0
1971.0,-386.0
1974.0,-356.0
1967.0,-346.0
1975.0,-380.0
1969.0,-446.0
1982.0,-505.0
1966.0,-520.0
1995.0,-457.0
1838.0,-311.0
434.0,-97.0
-953.0,153.0
-2043.0,382.0
-2048.0,535.0
-2048.0,614.0
-2048.0,597.0
-2048.0,463.0
-1423.0,248.0
-9.0,-11.0
1131.0,-266.0
1989.0,-489.0
1952.0,-663.0
2024.0,-778.0
1949.0,-822.0
2047.0,-703.0
1614.0,-371.0
-437.0,84.0
-1951.0,491.0
-2048.0,669.0
-2048.0,501.0
-267.0,37.0
1768.0,-498.0
1960.0,-800.0
2047.0,-677.0
834.0,-189.0
-1598.0,395.0
-2048.0,764.0
-2048.0,715.0
-1142.0,274.0
1184.0,-325.0
2005.0,-807.0
1994.0,-1013.0
1998.0,-955.0
1989.0,-789.0
1984.0,-686.0
1984.0,-684.0
1985.0,-736.0
1987.0,-792.0
1987.0,-824.0
1988.0,-835.0
1987.0,-827.0
1988.0,-815.0
1989.0,-837.0
1991.0,-876.0
1991.0,-894.0
1989.0,-887.0
1987.0,-874.0
1987.0,-874.0
1987.0,-883.0
1988.0,-896.0
1988.0,-912.0
1988.0,-930.0
1990.0,-948.0
1990.0,-950.0
1991.0,-941.0
1989.0,-948.0
1993.0,-979.0
1991.0,-1019.0
1996.0,-1034.0
1988.0,-1008.0
1992.0,-955.0
1981.0,-929.0
1994.0,-977.0
1983.0,-1090.0
2012.0,-1216.0
1980.0,-1261.0
2038.0,-1123.0
1736.0,-743.0
308.0,-180.0
-922.0,443.0
-2007.0,991.0
-2048.0,1353.0
-2048.0,1503.0
-2048.0,1445.0
-2048.0,1155.0
-1356.0,644.0
33.0,-7.0
1212.0,-648.0
2001.0,-1124.0
1988.0,-1372.0
2026.0,-1406.0
1991.0,-1313.0
2010.0,-1191.0
1983.0,-1099.0
2004.0,-1063.0
1904.0,-1082.0
2008.0,-1169.0
1991.0,-1314.0
2033.0,-1481.0
1986.0,-1553.0
2047.0,-1377.0
1669.0,-885.0
220.0,-146.0
-1057.0,651.0
-2047.0,1281.0
-2048.0,1592.0
-2048.0,1591.0
-2048.0,1425.0
-2048.0,1254.0
-1804.0,1164.0
-1799.0,1144.0
-1811.0,1166.0
-1937.0,1244.0
-2048.0,1394.0
-2048.0,1565.0
-2048.0,1646.0
-2048.0,1470.0
-1472.0,934.0
-144.0,114.0
1092.0,-769.0
1980.0,-1449.0
2013.0,-1776.0
2047.0,-1771.0
1997.0,-1593.0
2045.0,-1415.0
1885.0,-1325.0
1746.0,-1320.0
1790.0,-1357.0
1896.0,-1424.0
2004.0,-1557.0
2041.0,-1742.0
2001.0,-1847.0
2047.0,-1668.0
1494.0,-1086.0
175.0,-178.0
-961.0,789.0
-1933.0,1536.0
-2048.0,1894.0
-2048.0,1885.0
-2048.0,1696.0
-1838.0,1500.0
-1651.0,1390.0
-1638.0,1366.0
-1657.0,1408.0
-1739.0,1502.0
-1926.0,1666.0
-2048.0,1852.0
-2048.0,1946.0
-2048.0,1735.0
-1240.0,1119.0
-175.0,141.0
986.0,-894.0
1837.0,-1717.0
2047.0,-2040.0
2016.0,-2048.0
2047.0,-1920.0
1843.0,-1641.0
1594.0,-1548.0
1603.0,-1499.0
1607.0,-1552.0
1710.0,-1627.0
1874.0,-1822.0
2047.0,-2008.0
2026.0,-2048.0
2047.0,-1972.0
1261.0,-1218.0
184.0,-203.0
-880.0,918.0
-1712.0,1767.0
-2048.0,2020.0
-2048.0,1964.0
-1853.0,2025.0
-1631.0,1777.0
-1488.0,1565.0
-1449.0,1584.0
-1461.0,1597.0
-1544.0,1724.0
-1713.0,1885.0
-1903.0,2019.0
-1958.0,1951.0
-1739.0,2047.0
-1107.0,1352.0
-148.0,141.0
848.0,-1001.0
1608.0,-1913.0
1957.0,-2048.0
1962.0,-2048.0
1763.0,-2048.0
1533.0,-1982.0
1400.0,-1694.0
1375.0,-1709.0
1399.0,-1713.0
1474.0,-1857.0
1617.0,-2007.0
1797.0,-2048.0
1868.0,-2032.0
1664.0,-2048.0
1063.0,-1457.0
157.0,-164.0
-792.0,1032.0
-1511.0,1924.0
-1812.0,1979.0
-1776.0,2005.0
-1594.0,1967.0
-1427.0,2019.0
-1306.0,1856.0
-1242.0,1730.0
-1225.0,1706.0
-1280.0,1808.0
-1451.0,1962.0
-1684.0,2011.0
-1785.0,1946.0
-1566.0,2047.0
-895.0,1439.0
98.0,-177.0
1006.0,-1495.0
1459.0,-2048.0
1287.0,-2039.0
563.0,-921.0
-414.0,701.0
-1270.0,1864.0
-1769.0,1997.0
-1891.0,1984.0
-1680.0,1972.0
-1256.0,2020.0
-676.0,1209.0
-38.0,30.0
569.0,-886.0
1121.0,-1851.0
1540.0,-2048.0
1780.0,-2048.0
1758.0,-2025.0
1432.0,-2048.0
737.0,-1384.0
-212.0,441.0
-1035.0,1740.0
-1372.0,2029.0
-1055.0,1919.0
-146.0,357.0
888.0,-1667.0
1429.0,-2048.0
1221.0,-2048.0
284.0,-626.0
-843.0,1646.0
-1414.0,1953.0
-1188.0,2047.0
-237.0,620.0
865.0,-1758.0
1398.0,-2040.0
1155.0,-2048.0
231.0,-567.0
-806.0,1688.0
-1293.0,1962.0
-1066.0,2047.0
-234.0,658.0
718.0,-1603.0
1206.0,-2042.0
1079.0,-2048.0
402.0,-1043.0
-478.0,1173.0
-1092.0,2003.0
-1287.0,1976.0
-1147.0,1991.0
-901.0,1978.0
-782.0,1993.0
-860.0,1974.0
-1027.0,2000.0
-1094.0,1959.0
-967.0,2036.0
-618.0,1704.0
-98.0,231.0
409.0,-1014.0
814.0,-2007.0
1051.0,-2046.0
1168.0,-2048.0
1133.0,-2017.0
925.0,-2048.0
498.0,-1484.0
-87.0,293.0
-605.0,1674.0
-838.0,2004.0
-710.0,2017.0
-263.0,978.0
337.0,-1110.0
790.0,-2048.0
961.0,-2048.0
896.0,-2048.0
711.0,-2048.0
573.0,-1976.0
613.0,-1908.0
784.0,-2048.0
895.0,-2018.0
818.0,-2048.0
481.0,-1723.0
-53.0,233.0
-504.0,1774.0
-673.0,1980.0
-576.0,2039.0
-235.0,950.0
207.0,-842.0
557.0,-1990.0
754.0,-2048.0
843.0,-2048.0
789.0,-2024.0
616.0,-2048.0
306.0,-1377.0
-92.0,455.0
-411.0,1740.0
-539.0,2004.0
-472.0,2023.0
-195.0,988.0
173.0,-862.0
461.0,-2003.0
616.0,-2048.0
671.0,-2048.0
627.0,-2031.0
505.0,-2048.0
270.0,-1466.0
-74.0,555.0
-352.0,1881.0
-447.0,1988.0
-365.0,2015.0
-57.0,402.0
299.0,-1805.0
424.0,-2037.0
357.0,-2048.0
89.0,-739.0
-236.0,1594.0
-369.0,1959.0
-343.0,2047.0
-160.0,1303.0
118.0,-913.0
301.0,-2048.0
370.0,-2048.0
382.0,-2048.0
335.0,-2024.0
273.0,-2048.0
162.0,-1495.0
4.0,140.0
-118.0,1494.0
-179.0,2047.0
-189.0,1944.0
-177.0,2013.0
-84.0,881.0
7.0,-137.0
49.0,-579.0
45.0,-505.0
19.0,-134.0
-5.0,175.0
-15.0,258.0
-6.0,130.0
8.0,-21.0
8.0,-77.0
0.0,-30.0
-7.0,39.0
-9.0,54.0
-7.0,8.0
-6.0,-29.0
-6.0,-25.0
-4.0,1.0
-7.0,25.0
-10.0,32.0
-8.0,16.0
-5.0,-2.0
-4.0,-6.0
-5.0,10.0
-6.0,29.0
-5.0,24.0
-2.0,5.0
-3.0,-6.0
-2.0,7.0
3.0,33.0
6.0,49.0
0.0,29.0
-10.0,-30.0
-12.0,-92.0
-7.0,-75.0
2.0,45.0
13.0,223.0
18.0,295.0
7.0,138.0
-32.0,-338.0
-91.0,-1019.0
-152.0,-1771.0
-232.0,-2048.0
-302.0,-2048.0
-313.0,-2048.0
-277.0,-2048.0
-242.0,-2048.0
-241.0,-2048.0
-266.0,-2048.0
-298.0,-2048.0
-314.0,-2048.0
-307.0,-2048.0
-287.0,-2048.0
-282.0,-2048.0
-313.0,-2048.0
-370.0,-2047.0
-428.0,-2048.0
-463.0,-2028.0
-411.0,-2048.0
-260.0,-1715.0
-60.0,-304.0
181.0,1007.0
394.0,1998.0
568.0,1959.0
647.0,2029.0
616.0,1947.0
460.0,2047.0
249.0,1493.0
30.0,89.0
-206.0,-996.0
-413.0,-1975.0
-609.0,-2047.0
-723.0,-2048.0
-747.0,-2016.0
-610.0,-2048.0
-297.0,-1512.0
93.0,534.0
473.0,1880.0
660.0,1998.0
481.0,1992.0
54.0,387.0
-428.0,-1716.0
-746.0,-2048.0
-612.0,-2048.0
-148.0,-672.0
387.0,1593.0
768.0,1973.0
706.0,2047.0
266.0,1186.0
-268.0,-1086.0
-717.0,-2048.0
-932.0,-2048.0
-898.0,-2048.0
-738.0,-2048.0
-598.0,-2048.0
-581.0,-2009.0
-663.0,-2012.0
-751.0,-2048.0
-776.0,-2048.0
-751.0,-2048.0
-728.0,-2048.0
-733.0,-2048.0
-766.0,-2048.0
-795.0,-2048.0
-795.0,-2048.0
-790.0,-2048.0
-797.0,-2048.0
-797.0,-2048.0
-795.0,-2048.0
-806.0,-2048.0
-833.0,-2048.0
-868.0,-2048.0
-900.0,-2048.0
-901.0,-2048.0
-881.0,-2048.0
-884.0,-2048.0
-910.0,-2048.0
-950.0,-2048.0
-982.0,-2048.0
-951.0,-2041.0
-875.0,-2048.0
-851.0,-1872.0
-894.0,-1927.0
-1011.0,-2039.0
-1149.0,-2048.0
-1205.0,-2024.0
-1062.0,-2048.0
-688.0,-1506.0
-145.0,-191.0
460.0,948.0
986.0,1940.0
1369.0,1984.0
1532.0,2032.0
1471.0,1960.0
1153.0,2047.0
639.0,1406.0
24.0,43.0
-589.0,-1036.0
-1054.0,-1935.0
-1318.0,-2048.0
-1355.0,-2048.0
-1243.0,-2036.0
-1095.0,-2048.0
-1010.0,-1813.0
-986.0,-1700.0
-1019.0,-1747.0
-1112.0,-1880.0
-1252.0,-2027.0
-1408.0,-2048.0
-1472.0,-2023.0
-1290.0,-2048.0
-818.0,-1423.0
-113.0,-111.0
650.0,1081.0
1251.0,1960.0
1568.0,1989.0
1573.0,2024.0
1402.0,1981.0
1217.0,2039.0
1134.0,1858.0
1132.0,1740.0
1168.0,1772.0
1237.0,1874.0
1367.0,1982.0
1549.0,2020.0
1647.0,1972.0
1461.0,2047.0
937.0,1479.0
150.0,199.0
-697.0,-922.0
-1339.0,-1858.0
-1666.0,-2048.0
-1682.0,-2043.0
-1505.0,-2048.0
-1322.0,-1805.0
-1242.0,-1578.0
-1235.0,-1576.0
-1262.0,-1576.0
-1332.0,-1686.0
-1474.0,-1866.0
-1658.0,-2046.0
-1758.0,-2047.0
-1554.0,-2043.0
-1000.0,-1214.0
-131.0,-134.0
775.0,998.0
1507.0,1829.0
1820.0,2025.0
1868.0,1984.0
1682.0,2038.0
1477.0,1842.0
1397.0,1578.0
1350.0,1597.0
1382.0,1596.0
1454.0,1695.0
1623.0,1854.0
1802.0,2004.0
1861.0,1990.0
1826.0,2011.0
1118.0,1247.0
168.0,214.0
-829.0,-821.0
-1604.0,-1637.0
-1963.0,-2002.0
-1961.0,-1999.0
-1761.0,-1767.0
-1571.0,-1529.0
-1468.0,-1399.0
-1438.0,-1383.0
-1460.0,-1410.0
-1551.0,-1481.0
-1742.0,-1616.0
-1953.0,-1800.0
-2046.0,-1888.0
-1817.0,-1679.0
-1144.0,-1053.0
-155.0,-105.0
909.0,890.0
1719.0,1628.0
1878.0,1959.0
1847.0,1949.0
1880.0,1740.0
1844.0,1531.0
1570.0,1416.0
1566.0,1384.0
1583.0,1398.0
1707.0,1465.0
1834.0,1617.0
1889.0,1799.0
1825.0,1862.0
1941.0,1637.0
1400.0,1053.0
160.0,201.0
-926.0,-697.0
-1829.0,-1384.0
-2048.0,-1703.0
-2021.0,-1690.0
-2048.0,-1494.0
-1875.0,-1294.0
-1609.0,-1186.0
-1644.0,-1150.0
-1652.0,-1143.0
-1785.0,-1203.0
-1935.0,-1346.0
-2048.0,-1515.0
-2001.0,-1579.0
-2048.0,-1380.0
-1380.0,-853.0
-141.0,-68.0
1053.0,768.0
1864.0,1380.0
1862.0,1633.0
1883.0,1600.0
1874.0,1445.0
1889.0,1299.0
1897.0,1201.0
1810.0,1146.0
1683.0,1124.0
1833.0,1176.0
1872.0,1340.0
1896.0,1556.0
1833.0,1649.0
1955.0,1434.0
1489.0,840.0
-134.0,-10.0
-1419.0,-800.0
-2048.0,-1192.0
-1942.0,-1028.0
-826.0,-401.0
710.0,433.0
1812.0,1191.0
1860.0,1650.0
1876.0,1748.0
1844.0,1542.0
1952.0,1141.0
1260.0,644.0
45.0,114.0
-843.0,-392.0
-1821.0,-844.0
-2048.0,-1211.0
-2048.0,-1433.0
-1999.0,-1426.0
-2048.0,-1120.0
-1349.0,-522.0
468.0,251.0
1722.0,941.0
1911.0,1231.0
1887.0,953.0
424.0,201.0
-1637.0,-645.0
-2048.0,-1112.0
-2048.0,-919.0
-592.0,-144.0
1627.0,777.0
1846.0,1290.0
2006.0,1076.0
678.0,269.0
-1718.0,-629.0
-2034.0,-1084.0
-2048.0,-859.0
-540.0,-103.0
1665.0,724.0
1855.0,1162.0
1992.0,973.0
710.0,278.0
-1564.0,-502.0
-2046.0,-947.0
-2048.0,-836.0
-997.0,-262.0
1195.0,449.0
1930.0,956.0
1881.0,1115.0
1903.0,999.0
1902.0,787.0
1919.0,671.0
1902.0,733.0
1912.0,888.0
1881.0,967.0
1940.0,844.0
1723.0,541.0
273.0,152.0
-981.0,-231.0
-1996.0,-528.0
-2048.0,-727.0
-2048.0,-831.0
-2025.0,-791.0
-2048.0,-592.0
-1469.0,-266.0
333.0,140.0
1688.0,506.0
1923.0,681.0
1966.0,590.0
1022.0,264.0
-1084.0,-157.0
-2048.0,-495.0
-2048.0,-637.0
-2048.0,-572.0
-2048.0,-417.0
-1947.0,-320.0
-1901.0,-355.0
-2048.0,-481.0
-2028.0,-564.0
-2048.0,-489.0
-1718.0,-231.0
269.0,111.0
1782.0,396.0
1902.0,513.0
2003.0,430.0
1008.0,211.0
-805.0,-48.0
-1980.0,-272.0
-2048.0,-420.0
-2048.0,-464.0
-2048.0,-429.0
-2048.0,-312.0
-1354.0,-109.0
496.0,123.0
1750.0,298.0
1933.0,377.0
1992.0,335.0
1045.0,181.0
-826.0,-24.0
-1993.0,-204.0
-2048.0,-295.0
-2048.0,-302.0
-2048.0,-269.0
-2048.0,-196.0
-1449.0,-59.0
596.0,120.0
1867.0,268.0
1921.0,307.0
1993.0,229.0
466.0,87.0
-1788.0,-58.0
-2048.0,-134.0
-2048.0,-93.0
-709.0,31.0
1597.0,158.0
1909.0,215.0
2035.0,187.0
1342.0,116.0
-871.0,41.0
-2048.0,-21.0
-2048.0,-56.0
-2048.0,-51.0
-2048.0,-20.0
-2048.0,15.0
-1477.0,41.0
183.0,72.0
1515.0,96.0
2023.0,92.0
1888.0,73.0
2003.0,61.0
934.0,66.0
-107.0,73.0
-531.0,74.0
-474.0,73.0
-105.0,71.0
196.0,66.0
287.0,63.0
168.0,67.0
21.0,72.0
-42.0,72.0
0.0,69.0
57.0,69.0
79.0,68.0
48.0,67.0
7.0,68.0
0.0,69.0
28.0,64.0
55.0,65.0
58.0,69.0
36.0,73.0
18.0,78.0
23.0,78.0
48.0,77.0
63.0,75.0
55.0,74.0
37.0,77.0
27.0,83.0
40.0,75.0
69.0,66.0
82.0,69.0
52.0,73.0
-2.0,74.0
-56.0,81.0
-41.0,86.0
78.0,69.0
254.0,42.0
328.0,28.0
173.0,51.0
-309.0,130.0
-996.0,246.0
-1754.0,375.0
-2048.0,492.0
-2048.0,568.0
-2048.0,593.0
-2048.0,574.0
-2048.0,539.0
-2048.0,528.0
-2048.0,545.0
-2048.0,570.0
-2048.0,602.0
-2048.0,611.0
-2048.0,575.0
-2048.0,541.0
-2048.0,564.0
-2048.0,646.0
-2048.0,722.0
-2048.0,731.0
-2048.0,653.0
-1716.0,459.0
-272.0,160.0
1051.0,-186.0
1989.0,-499.0
1952.0,-727.0
2030.0,-845.0
1948.0,-806.0
2047.0,-604.0
1546.0,-300.0
114.0,47.0
-972.0,384.0
-2005.0,671.0
-2048.0,903.0
-2048.0,1061.0
-2048.0,1097.0
-2048.0,929.0
-1515.0,512.0
572.0,-65.0
1894.0,-594.0
1987.0,-812.0
2006.0,-585.0
440.0,-7.0
-1732.0,651.0
-2048.0,1038.0
-2048.0,902.0
-648.0,282.0
1602.0,-479.0
1974.0,-936.0
2047.0,-846.0
1243.0,-284.0
-1060.0,456.0
-2048.0,1035.0
-2048.0,1266.0
-2048.0,1192.0
-2048.0,1003.0
-2048.0,860.0
-1957.0,841.0
-2048.0,909.0
-2048.0,979.0
-2048.0,1006.0
-2048.0,997.0
-2048.0,983.0
-2048.0,996.0
-2048.0,1022.0
-2048.0,1037.0
-2048.0,1032.0
-2048.0,1022.0
-2048.0,1018.0
-2048.0,1022.0
-2048.0,1029.0
-2048.0,1037.0
-2048.0,1055.0
-2048.0,1078.0
-2048.0,1102.0
-2048.0,1123.0
-2048.0,1126.0
-2048.0,1113.0
-2048.0,1126.0
-2048.0,1170.0
-2048.0,1205.0
-2048.0,1180.0
-2046.0,1114.0
-1847.0,1074.0
-1979.0,1114.0
-2048.0,1249.0
-2048.0,1410.0
-2048.0,1476.0
-2048.0,1318.0
-1526.0,877.0
-188.0,225.0
1020.0,-471.0
1984.0,-1064.0
2008.0,-1471.0
2047.0,-1649.0
1993.0,-1580.0
2047.0,-1245.0
1480.0,-670.0
70.0,41.0
-1039.0,748.0
-1965.0,1301.0
-2048.0,1599.0
-2048.0,1638.0
-2048.0,1520.0
-2048.0,1372.0
-1766.0,1267.0
-1722.0,1224.0
-1746.0,1243.0
-1908.0,1334.0
-2048.0,1493.0
-2048.0,1662.0
-2048.0,1728.0
-2048.0,1546.0
-1406.0,1017.0
-100.0,201.0
1142.0,-687.0
2008.0,-1376.0
2032.0,-1698.0
2047.0,-1695.0
2021.0,-1523.0
2047.0,-1346.0
1972.0,-1249.0
1818.0,-1225.0
1847.0,-1252.0
1944.0,-1341.0
2022.0,-1508.0
2047.0,-1700.0
2017.0,-1779.0
2047.0,-1576.0
1578.0,-988.0
234.0,-96.0
-907.0,859.0
-1893.0,1592.0
-2048.0,1941.0
-2048.0,1942.0
-2048.0,1756.0
-1782.0,1565.0
-1621.0,1458.0
-1603.0,1423.0
-1618.0,1459.0
-1700.0,1555.0
-1875.0,1739.0
-2048.0,1922.0
-2048.0,2015.0
-1933.0,1902.0
-1196.0,1181.0
-107.0,231.0
1053.0,-819.0
1894.0,-1621.0
2047.0,-2011.0
2040.0,-2001.0
2047.0,-1795.0
1936.0,-1584.0
1660.0,-1465.0
1671.0,-1427.0
1663.0,-1474.0
1760.0,-1574.0
1928.0,-1758.0
2047.0,-1944.0
2035.0,-2048.0
2047.0,-1840.0
1339.0,-1153.0
237.0,-130.0
-811.0,980.0
-1665.0,1806.0
-2035.0,2023.0
-2020.0,1973.0
-1789.0,2025.0
-1569.0,1885.0
-1431.0,1616.0
-1403.0,1634.0
-1424.0,1644.0
-1516.0,1768.0
-1675.0,1923.0
-1857.0,2023.0
-1925.0,1957.0
-1711.0,2047.0
-1063.0,1413.0
-82.0,197.0
932.0,-911.0
1711.0,-1833.0
2042.0,-2048.0
2047.0,-2048.0
1844.0,-2048.0
1632.0,-1830.0
1512.0,-1605.0
1479.0,-1629.0
1498.0,-1633.0
1566.0,-1768.0
1717.0,-1940.0
1900.0,-2048.0
1950.0,-2029.0
1733.0,-2048.0
1136.0,-1373.0
247.0,-121.0
-686.0,1077.0
-1392.0,1940.0
-1707.0,1986.0
-1690.0,2008.0
-1499.0,1980.0
-1305.0,2014.0
-1190.0,1949.0
-1156.0,1801.0
-1176.0,1843.0
-1239.0,1958.0
-1359.0,1986.0
-1519.0,2009.0
-1586.0,1963.0
-1400.0,2047.0
-863.0,1620.0
-42.0,214.0
816.0,-1047.0
1455.0,-1998.0
1711.0,-2048.0
1682.0,-2048.0
1519.0,-2042.0
1377.0,-2048.0
1285.0,-1885.0
1234.0,-1773.0
1210.0,-1748.0
1255.0,-1863.0
1405.0,-2027.0
1617.0,-2048.0
1724.0,-2016.0
1526.0,-2048.0
910.0,-1458.0
22.0,194.0
-785.0,1594.0
-1182.0,2016.0
-1044.0,2023.0
-403.0,1032.0
485.0,-725.0
1253.0,-1919.0
1690.0,-2048.0
1789.0,-2048.0
1608.0,-2048.0
1228.0,-2048.0
699.0,-1200.0
129.0,-3.0
-402.0,972.0
-852.0,1897.0
-1171.0,1981.0
-1372.0,2021.0
-1395.0,1948.0
-1145.0,2047.0
-545.0,1482.0
285.0,-412.0
996.0,-1788.0
1292.0,-2048.0
1033.0,-1969.0
239.0,-313.0
-669.0,1682.0
-1134.0,1969.0
-961.0,2047.0
-149.0,722.0
850.0,-1683.0
1361.0,-2031.0
1173.0,-2048.0
331.0,-571.0
-650.0,1782.0
-1115.0,1945.0
-905.0,2047.0
-105.0,648.0
797.0,-1709.0
1216.0,-2038.0
1031.0,-2048.0
315.0,-612.0
-517.0,1646.0
-938.0,1969.0
-827.0,2047.0
-247.0,1131.0
517.0,-1174.0
1036.0,-2048.0
1183.0,-2048.0
1061.0,-2048.0
869.0,-2048.0
765.0,-1992.0
823.0,-1984.0
959.0,-2048.0
1007.0,-2014.0
907.0,-2048.0
621.0,-1694.0
190.0,-213.0
-229.0,1079.0
-549.0,1996.0
-745.0,1960.0
-855.0,2031.0
-814.0,1943.0
-635.0,2047.0
-296.0,1551.0
173.0,-252.0
583.0,-1700.0
774.0,-2048.0
695.0,-2048.0
330.0,-911.0
-168.0,1155.0
-532.0,2012.0
-661.0,1986.0
-594.0,1998.0
-438.0,1987.0
-340.0,1998.0
-371.0,1982.0
-483.0,2007.0
-558.0,1970.0
-498.0,2040.0
-254.0,1757.0
151.0,-195.0
492.0,-1796.0
609.0,-2048.0
523.0,-2048.0
257.0,-905.0
-64.0,886.0
-309.0,1961.0
-425.0,1977.0
-466.0,2018.0
-431.0,1946.0
-321.0,2047.0
-109.0,1423.0
170.0,-417.0
382.0,-1755.0
452.0,-2048.0
400.0,-2048.0
226.0,-934.0
-15.0,903.0
-196.0,1964.0
-274.0,1986.0
-310.0,2011.0
-278.0,1955.0
-197.0,2047.0
-59.0,1511.0
155.0,-503.0
314.0,-1908.0
351.0,-2048.0
306.0,-2048.0
137.0,-342.0
-58.0,1791.0
-91.0,1955.0
-56.0,2047.0
63.0,805.0
227.0,-1597.0
268.0,-2039.0
261.0,-2048.0
187.0,-1267.0
58.0,958.0
1.0,2006.0
12.0,1967.0
24.0,2020.0
36.0,1948.0
35.0,2047.0
59.0,1539.0
109.0,-84.0
152.0,-1478.0
167.0,-2048.0
138.0,-2043.0
134.0,-2016.0
106.0,-802.0
99.0,155.0
97.0,619.0
102.0,531.0
108.0,181.0
106.0,-130.0
101.0,-213.0
100.0,-99.0
100.0,52.0
102.0,106.0
107.0,65.0
108.0,3.0
107.0,-14.0
108.0,23.0
112.0,59.0
112.0,64.0
107.0,42.0
103.0,16.0
104.0,10.0
110.0,29.0
111.0,49.0
110.0,46.0
109.0,28.0
104.0,14.0
105.0,15.0
111.0,29.0
115.0,36.0
109.0,22.0
106.0,-7.0
107.0,-21.0
109.0,7.0
113.0,70.0
117.0,126.0
116.0,107.0
98.0,-16.0
77.0,-188.0
69.0,-260.0
93.0,-101.0
156.0,364.0
250.0,1041.0
359.0,1765.0
464.0,2006.0
527.0,1981.0
545.0,1996.0
545.0,1986.0
525.0,1994.0
513.0,1987.0
535.0,1993.0
572.0,1987.0
593.0,1993.0
580.0,1985.0
553.0,1994.0
551.0,1981.0
586.0,1995.0
664.0,1975.0
741.0,2001.0
769.0,1961.0
671.0,2033.0
452.0,1736.0
188.0,342.0
-121.0,-945.0
-415.0,-2002.0
-664.0,-2048.0
-777.0,-2048.0
-731.0,-2028.0
-516.0,-2048.0
-233.0,-1398.0
78.0,-54.0
394.0,1012.0
673.0,1925.0
935.0,1964.0
1111.0,2018.0
1150.0,1941.0
943.0,2047.0
513.0,1516.0
-24.0,-463.0
-536.0,-1861.0
-771.0,-2048.0
-535.0,-1987.0
27.0,-299.0
659.0,1670.0
1050.0,1973.0
887.0,2047.0
291.0,718.0
-393.0,-1548.0
-855.0,-2047.0
-782.0,-2048.0
-241.0,-1088.0
465.0,1076.0
1061.0,1976.0
1318.0,1985.0
1248.0,1984.0
1035.0,1988.0
883.0,1984.0
865.0,1987.0
934.0,1984.0
1014.0,1984.0
1049.0,1983.0
1033.0,1983.0
1008.0,1983.0
1003.0,1984.0
1034.0,1984.0
1079.0,1984.0
1090.0,1983.0
1079.0,1982.0
1062.0,1981.0
1048.0,1981.0
1060.0,1981.0
1096.0,1980.0
1122.0,1981.0
1133.0,1979.0
1142.0,1982.0
1136.0,1979.0
1121.0,1984.0
1120.0,1977.0
1152.0,1986.0
1196.0,1973.0
1209.0,1990.0
1180.0,1966.0
1102.0,2001.0
1053.0,1915.0
1106.0,1867.0
1255.0,1974.0
1427.0,1989.0
1496.0,1950.0
1325.0,2038.0
885.0,1513.0
260.0,220.0
-424.0,-867.0
-1006.0,-1888.0
-1434.0,-2048.0
-1624.0,-2048.0
-1549.0,-2048.0
-1186.0,-2048.0
-621.0,-1247.0
73.0,-11.0
763.0,1042.0
1294.0,1872.0
1593.0,1971.0
1636.0,1993.0
1521.0,1959.0
1357.0,2011.0
1258.0,1764.0
1229.0,1636.0
1257.0,1683.0
1350.0,1820.0
1505.0,1951.0
1682.0,1993.0
1763.0,1952.0
1567.0,2038.0
1035.0,1385.0
235.0,136.0
-630.0,-973.0
-1304.0,-1892.0
-1654.0,-2048.0
-1666.0,-2048.0
-1482.0,-2048.0
-1304.0,-1842.0
-1206.0,-1613.0
-1181.0,-1624.0
-1217.0,-1621.0
-1300.0,-1718.0
-1448.0,-1894.0
-1633.0,-2048.0
-1729.0,-2048.0
-1531.0,-2048.0
-953.0,-1253.0
-62.0,-185.0
891.0,915.0
1627.0,1752.0
1889.0,1997.0
1848.0,1967.0
1900.0,1999.0
1665.0,1674.0
1462.0,1508.0
1482.0,1492.0
1485.0,1511.0
1606.0,1589.0
1741.0,1756.0
1883.0,1928.0
1837.0,2005.0
1925.0,1842.0
1299.0,1114.0
224.0,161.0
-757.0,-887.0
-1577.0,-1657.0
-1933.0,-2023.0
-1961.0,-2002.0
-1742.0,-1790.0
-1541.0,-1571.0
-1417.0,-1454.0
-1389.0,-1429.0
-1416.0,-1454.0
-1515.0,-1526.0
-1695.0,-1672.0
-1914.0,-1849.0
-2005.0,-1931.0
-1779.0,-1717.0
-1100.0,-1105.0
-79.0,-173.0
1039.0,793.0
1807.0,1522.0
1909.0,1736.0
1882.0,1642.0
1929.0,1434.0
1648.0,1229.0
1479.0,1127.0
1492.0,1095.0
1499.0,1110.0
1601.0,1170.0
1742.0,1290.0
1903.0,1438.0
1886.0,1503.0
1934.0,1336.0
1268.0,864.0
309.0,162.0
-623.0,-576.0
-1386.0,-1135.0
-1729.0,-1392.0
-1732.0,-1380.0
-1527.0,-1224.0
-1333.0,-1064.0
-1224.0,-975.0
-1210.0,-953.0
-1235.0,-967.0
-1320.0,-1019.0
-1480.0,-1125.0
-1682.0,-1250.0
-1774.0,-1298.0
-1563.0,-1142.0
-939.0,-712.0
6.0,-70.0
1018.0,601.0
1779.0,1108.0
1929.0,1336.0
1900.0,1320.0
1930.0,1179.0
1886.0,1037.0
1618.0,958.0
1617.0,930.0
1629.0,937.0
1739.0,984.0
1867.0,1076.0
1942.0,1187.0
1879.0,1228.0
1985.0,1095.0
1441.0,715.0
287.0,135.0
-718.0,-478.0
-1568.0,-932.0
-1921.0,-1120.0
-1918.0,-1080.0
-1694.0,-959.0
-1504.0,-857.0
-1389.0,-793.0
-1345.0,-751.0
-1325.0,-726.0
-1398.0,-752.0
-1634.0,-857.0
-1943.0,-1002.0
-2048.0,-1067.0
-1867.0,-922.0
-954.0,-508.0
247.0,86.0
1461.0,642.0
1934.0,919.0
1918.0,800.0
928.0,359.0
-428.0,-226.0
-1568.0,-749.0
-2048.0,-1056.0
-2000.0,-1112.0
-2048.0,-968.0
-1744.0,-695.0
-776.0,-352.0
81.0,7.0
944.0,349.0
1730.0,653.0
1943.0,899.0
1930.0,1045.0
1891.0,1037.0
2003.0,837.0
1388.0,436.0
-231.0,-89.0
-1381.0,-554.0
-2016.0,-742.0
-1453.0,-549.0
-111.0,-50.0
1559.0,514.0
1926.0,827.0
1997.0,692.0
711.0,177.0
-1307.0,-428.0
-2048.0,-770.0
-1968.0,-632.0
-276.0,-106.0
1630.0,479.0
1923.0,786.0
2013.0,639.0
664.0,149.0
-1324.0,-387.0
-2048.0,-669.0
-1857.0,-535.0
-287.0,-94.0
1475.0,391.0
1939.0,651.0
2015.0,568.0
1073.0,216.0
-824.0,-211.0
-1937.0,-508.0
-2048.0,-592.0
-2048.0,-514.0
-1821.0,-387.0
-1368.0,-321.0
-1631.0,-358.0
-1967.0,-448.0
-2048.0,-484.0
-2039.0,-413.0
-1190.0,-237.0
-54.0,-7.0
1015.0,205.0
1876.0,360.0
1935.0,462.0
1969.0,509.0
1908.0,486.0
2031.0,392.0
1462.0,224.0
-118.0,-3.0
-1267.0,-203.0
-1967.0,-305.0
-1634.0,-264.0
-563.0,-82.0
1048.0,151.0
1948.0,340.0
1951.0,415.0
1943.0,369.0
1981.0,281.0
1847.0,225.0
1793.0,247.0
2010.0,315.0
1902.0,357.0
2025.0,322.0
1658.0,190.0
-40.0,12.0
-1363.0,-139.0
-1971.0,-206.0
-1622.0,-161.0
-557.0,-39.0
805.0,94.0
1879.0,196.0
1945.0,255.0
1980.0,263.0
1915.0,227.0
2047.0,169.0
1340.0,94.0
-242.0,13.0
-1331.0,-49.0
-1930.0,-71.0
-1592.0,-48.0
-586.0,1.0
825.0,51.0
1895.0,88.0
1958.0,106.0
1982.0,118.0
1925.0,114.0
2039.0,83.0
1416.0,48.0
-313.0,23.0
-1545.0,16.0
-2048.0,22.0
-1643.0,27.0
-101.0,24.0
1643.0,11.0
1968.0,-10.0
2032.0,-19.0
791.0,8.0
-1209.0,64.0
-2048.0,113.0
-2048.0,113.0
-798.0,66.0
862.0,-3.0
1960.0,-72.0
1945.0,-115.0
2004.0,-128.0
1929.0,-123.0
2047.0,-92.0
1424.0,-35.0
22.0,39.0
-1089.0,126.0
-1917.0,199.0
-1995.0,212.0
-1464.0,162.0
-544.0,85.0
245.0,16.0
641.0,-18.0
569.0,-12.0
276.0,19.0
13.0,44.0
-54.0,51.0
41.0,43.0
169.0,33.0
217.0,28.0
180.0,27.0
118.0,30.0
97.0,31.0
129.0,27.0
169.0,25.0
174.0,23.0
152.0,21.0
129.0,21.0
123.0,24.0
141.0,25.0
161.0,23.0
159.0,24.0
142.0,27.0
132.0,32.0
139.0,28.0
151.0,23.0
156.0,24.0
146.0,30.0
129.0,38.0
115.0,39.0
127.0,32.0
175.0,23.0
224.0,15.0
212.0,19.0
110.0,40.0
-34.0,70.0
-94.0,83.0
38.0,51.0
428.0,-44.0
991.0,-190.0
1609.0,-342.0
1974.0,-465.0
1988.0,-541.0
1995.0,-563.0
1987.0,-534.0
1992.0,-489.0
1983.0,-469.0
1994.0,-504.0
1985.0,-554.0
2000.0,-575.0
1978.0,-558.0
2005.0,-514.0
1949.0,-489.0
1911.0,-521.0
1992.0,-609.0
2005.0,-698.0
1968.0,-725.0
2047.0,-635.0
1591.0,-407.0
385.0,-74.0
-649.0,302.0
-1684.0,637.0
-2048.0,870.0
-2048.0,979.0
-2048.0,941.0
-1968.0,747.0
-925.0,433.0
37.0,63.0
973.0,-307.0
1795.0,-627.0
2012.0,-863.0
2019.0,-1002.0
1978.0,-1025.0
2047.0,-853.0
1427.0,-427.0
-286.0,173.0
-1502.0,718.0
-2048.0,949.0
-1495.0,724.0
-116.0,116.0
1556.0,-579.0
2011.0,-969.0
2027.0,-805.0
674.0,-172.0
-1131.0,585.0
-2048.0,1051.0
-1902.0,965.0
-664.0,395.0
962.0,-355.0
1981.0,-942.0
2011.0,-1177.0
2009.0,-1113.0
2021.0,-931.0
1911.0,-799.0
1670.0,-786.0
1828.0,-848.0
1930.0,-918.0
2001.0,-941.0
1927.0,-920.0
1871.0,-889.0
1849.0,-884.0
1889.0,-915.0
1917.0,-948.0
1921.0,-958.0
1908.0,-952.0
1868.0,-948.0
1844.0,-946.0
1837.0,-950.0
1840.0,-959.0
1847.0,-967.0
1872.0,-976.0
1887.0,-987.0
1872.0,-1002.0
1832.0,-1008.0
1812.0,-998.0
1832.0,-1012.0
1878.0,-1059.0
1906.0,-1080.0
1849.0,-1044.0
1731.0,-985.0
1644.0,-959.0
1696.0,-1003.0
1876.0,-1123.0
2018.0,-1264.0
1995.0,-1325.0
2022.0,-1181.0
1299.0,-758.0
329.0,-127.0
-611.0,550.0
-1459.0,1129.0
-1993.0,1520.0
-2048.0,1684.0
-2048.0,1602.0
-1634.0,1277.0
-867.0,739.0
80.0,66.0
1007.0,-604.0
1710.0,-1120.0
2027.0,-1396.0
1999.0,-1437.0
2042.0,-1324.0
1772.0,-1170.0
1548.0,-1067.0
1511.0,-1037.0
1527.0,-1076.0
1643.0,-1170.0
1818.0,-1308.0
1981.0,-1455.0
2043.0,-1514.0
1909.0,-1343.0
1199.0,-849.0
278.0,-94.0
-733.0,709.0
-1485.0,1330.0
-1852.0,1637.0
-1838.0,1635.0
-1632.0,1464.0
-1414.0,1296.0
-1288.0,1217.0
-1254.0,1211.0
-1273.0,1245.0
-1341.0,1326.0
-1487.0,1471.0
-1675.0,1638.0
-1760.0,1710.0
-1545.0,1532.0
-942.0,998.0
-44.0,184.0
897.0,-687.0
1603.0,-1368.0
1931.0,-1702.0
1916.0,-1706.0
1723.0,-1529.0
1531.0,-1338.0
1416.0,-1234.0
1381.0,-1215.0
1401.0,-1246.0
1476.0,-1326.0
1615.0,-1477.0
1780.0,-1661.0
1853.0,-1737.0
1655.0,-1539.0
1090.0,-974.0
246.0,-113.0
-642.0,811.0
-1308.0,1536.0
-1611.0,1892.0
-1594.0,1896.0
-1409.0,1708.0
-1220.0,1512.0
-1119.0,1406.0
-1097.0,1381.0
-1114.0,1409.0
-1178.0,1491.0
-1311.0,1648.0
-1462.0,1850.0
-1517.0,1948.0
-1332.0,1739.0
-817.0,1124.0
-44.0,198.0
776.0,-790.0
1408.0,-1548.0
1693.0,-1914.0
1672.0,-1910.0
1507.0,-1705.0
1338.0,-1502.0
1239.0,-1394.0
1212.0,-1368.0
1222.0,-1396.0
1282.0,-1487.0
1395.0,-1669.0
1533.0,-1880.0
1589.0,-1972.0
1411.0,-1750.0
933.0,-1103.0
223.0,-119.0
-518.0,921.0
-1086.0,1727.0
-1360.0,2009.0
-1350.0,1980.0
-1198.0,2007.0
-1033.0,1686.0
-944.0,1538.0
-915.0,1536.0
-920.0,1559.0
-972.0,1665.0
-1079.0,1835.0
-1204.0,2001.0
-1246.0,1974.0
-1094.0,2017.0
-660.0,1294.0
-17.0,200.0
663.0,-842.0
1186.0,-1718.0
1421.0,-2032.0
1408.0,-2048.0
1258.0,-1930.0
1094.0,-1627.0
1014.0,-1538.0
1005.0,-1486.0
1028.0,-1531.0
1078.0,-1606.0
1181.0,-1808.0
1299.0,-1994.0
1348.0,-2048.0
1203.0,-1932.0
793.0,-1163.0
193.0,-132.0
-445.0,1018.0
-931.0,1844.0
-1127.0,2016.0
-1087.0,1976.0
-960.0,2012.0
-845.0,1925.0
-769.0,1666.0
-730.0,1644.0
-713.0,1600.0
-756.0,1699.0
-883.0,1890.0
-1043.0,2023.0
-1097.0,1949.0
-937.0,2047.0
-494.0,1355.0
144.0,-98.0
727.0,-1266.0
1028.0,-1945.0
917.0,-1682.0
448.0,-704.0
-179.0,665.0
-733.0,1811.0
-1046.0,2009.0
-1111.0,1979.0
-981.0,1993.0
-713.0,1972.0
-336.0,1094.0
59.0,103.0
435.0,-738.0
773.0,-1593.0
1022.0,-2039.0
1155.0,-2048.0
1145.0,-2036.0
953.0,-2048.0
518.0,-1127.0
-45.0,434.0
-518.0,1656.0
-707.0,2047.0
-533.0,1847.0
-4.0,337.0
601.0,-1409.0
927.0,-2048.0
809.0,-1994.0
257.0,-439.0
-403.0,1543.0
-738.0,1992.0
-612.0,2034.0
-59.0,600.0
579.0,-1522.0
888.0,-2048.0
752.0,-2027.0
222.0,-386.0
-361.0,1555.0
-621.0,1995.0
-499.0,2008.0
-41.0,619.0
487.0,-1350.0
755.0,-2048.0
685.0,-2048.0
308.0,-784.0
-173.0,1060.0
-502.0,1973.0
-583.0,1991.0
-498.0,1979.0
-382.0,2007.0
-320.0,1723.0
-365.0,1817.0
-450.0,2036.0
-481.0,1940.0
-411.0,2047.0
-217.0,1538.0
45.0,245.0
285.0,-790.0
485.0,-1783.0
602.0,-2048.0
651.0,-2048.0
626.0,-2033.0
529.0,-2048.0
316.0,-1169.0
50.0,306.0
-178.0,1539.0
-287.0,2015.0
-253.0,1961.0
-47.0,816.0
234.0,-848.0
442.0,-1963.0
507.0,-2048.0
473.0,-2048.0
393.0,-2025.0
328.0,-1510.0
357.0,-1648.0
432.0,-2048.0
459.0,-2018.0
433.0,-2048.0
294.0,-1440.0
65.0,287.0
-118.0,1599.0
-187.0,2029.0
-151.0,1942.0
-5.0,808.0
165.0,-602.0
303.0,-1778.0
356.0,-2048.0
360.0,-2048.0
343.0,-2048.0
300.0,-2048.0
189.0,-1052.0
59.0,437.0
-38.0,1573.0
-81.0,2027.0
-63.0,1926.0
29.0,807.0
126.0,-607.0
199.0,-1813.0
208.0,-2048.0
196.0,-2048.0
189.0,-2044.0
188.0,-2048.0
143.0,-1125.0
75.0,512.0
33.0,1738.0
38.0,2040.0
47.0,1906.0
92.0,358.0
127.0,-1473.0
106.0,-2048.0
101.0,-2004.0
93.0,-508.0
90.0,1410.0
113.0,1975.0
99.0,2047.0
85.0,1127.0
84.0,-676.0
51.0,-1862.0
-4.0,-2048.0
-26.0,-2048.0
-1.0,-2048.0
44.0,-2048.0
57.0,-1095.0
92.0,149.0
155.0,1319.0
212.0,1969.0
228.0,2019.0
184.0,1803.0
138.0,719.0
78.0,-19.0
53.0,-434.0
57.0,-348.0
79.0,-66.0
99.0,203.0
105.0,261.0
95.0,173.0
80.0,46.0
73.0,2.0
81.0,32.0
91.0,84.0
93.0,96.0
89.0,70.0
83.0,41.0
81.0,38.0
85.0,55.0
89.0,76.0
85.0,80.0
83.0,68.0
84.0,57.0
89.0,59.0
90.0,75.0
88.0,86.0
89.0,78.0
91.0,63.0
93.0,57.0
93.0,66.0
93.0,86.0
94.0,98.0
92.0,83.0
82.0,34.0
69.0,-13.0
74.0,-5.0
98.0,96.0
126.0,232.0
136.0,301.0
107.0,169.0
23.0,-200.0
-111.0,-769.0
-260.0,-1346.0
-381.0,-1824.0
-441.0,-2029.0
-437.0,-2048.0
-408.0,-1943.0
-384.0,-1730.0
-373.0,-1681.0
-393.0,-1724.0
-423.0,-1859.0
-450.0,-1909.0
-447.0,-1847.0
-419.0,-1685.0
-403.0,-1592.0
-431.0,-1636.0
-499.0,-1872.0
-579.0,-2048.0
-604.0,-2048.0
-510.0,-2003.0
-311.0,-1189.0
-9.0,-203.0
336.0,849.0
646.0,1794.0
892.0,2013.0
1017.0,1992.0
963.0,1989.0
743.0,2010.0
454.0,1183.0
124.0,139.0
-207.0,-724.0
-482.0,-1574.0
-715.0,-2026.0
-898.0,-2048.0
-941.0,-2036.0
-745.0,-2048.0
-335.0,-1058.0
223.0,447.0
727.0,1643.0
942.0,2047.0
721.0,1788.0
163.0,271.0
-480.0,-1244.0
-832.0,-2048.0
-685.0,-1734.0
-104.0,-380.0
587.0,1294.0
1024.0,1991.0
943.0,2032.0
420.0,925.0
-269.0,-729.0
-822.0,-1834.0
-1056.0,-2048.0
-991.0,-2048.0
-804.0,-1924.0
-683.0,-1446.0
-663.0,-1458.0
-720.0,-1521.0
-790.0,-1665.0
-820.0,-1679.0
-792.0,-1654.0
-770.0,-1587.0
-775.0,-1577.0
-803.0,-1593.0
-830.0,-1629.0
-847.0,-1626.0
-848.0,-1600.0
-835.0,-1568.0
-828.0,-1548.0
-830.0,-1539.0
-833.0,-1541.0
-835.0,-1559.0
-853.0,-1581.0
-879.0,-1586.0
-893.0,-1568.0
-878.0,-1540.0
-868.0,-1526.0
-886.0,-1545.0
-930.0,-1590.0
-956.0,-1606.0
-937.0,-1544.0
-878.0,-1429.0
-827.0,-1357.0
-857.0,-1409.0
-988.0,-1584.0
-1149.0,-1781.0
-1221.0,-1835.0
-1082.0,-1588.0
-672.0,-986.0
-70.0,-129.0
574.0,786.0
1126.0,1560.0
1510.0,2000.0
1682.0,1986.0
1604.0,2033.0
1284.0,1866.0
770.0,987.0
116.0,136.0
-538.0,-737.0
-1033.0,-1388.0
-1285.0,-1743.0
-1309.0,-1773.0
-1208.0,-1607.0
-1079.0,-1388.0
-988.0,-1243.0
-952.0,-1194.0
-974.0,-1228.0
-1066.0,-1324.0
-1206.0,-1485.0
-1351.0,-1661.0
-1409.0,-1725.0
-1242.0,-1509.0
-762.0,-927.0
-30.0,-58.0
753.0,857.0
1359.0,1556.0
1648.0,1888.0
1654.0,1869.0
1506.0,1668.0
1348.0,1467.0
1260.0,1363.0
1244.0,1335.0
1271.0,1354.0
1333.0,1425.0
1472.0,1557.0
1643.0,1727.0
1714.0,1805.0
1532.0,1613.0
1020.0,1061.0
236.0,240.0
-610.0,-623.0
-1260.0,-1281.0
-1570.0,-1595.0
-1562.0,-1582.0
-1396.0,-1393.0
-1235.0,-1194.0
-1151.0,-1085.0
-1130.0,-1063.0
-1156.0,-1083.0
-1233.0,-1142.0
-1392.0,-1255.0
-1580.0,-1401.0
-1666.0,-1457.0
-1466.0,-1274.0
-907.0,-776.0
-45.0,-31.0
850.0,757.0
1570.0,1357.0
1850.0,1633.0
1902.0,1625.0
1764.0,1469.0
1502.0,1305.0
1431.0,1205.0
1392.0,1171.0
1441.0,1185.0
1515.0,1243.0
1683.0,1354.0
1848.0,1493.0
1900.0,1549.0
1819.0,1380.0
1153.0,913.0
259.0,219.0
-712.0,-515.0
-1450.0,-1070.0
-1808.0,-1320.0
-1806.0,-1302.0
-1610.0,-1152.0
-1404.0,-1000.0
-1294.0,-913.0
-1267.0,-887.0
-1297.0,-896.0
-1394.0,-939.0
-1563.0,-1038.0
-1764.0,-1172.0
-1856.0,-1224.0
-1651.0,-1061.0
-1022.0,-635.0
-71.0,-8.0
950.0,651.0
1708.0,1158.0
1910.0,1402.0
1872.0,1392.0
1923.0,1240.0
1802.0,1083.0
1543.0,999.0
1567.0,981.0
1568.0,991.0
1682.0,1033.0
1807.0,1133.0
1920.0,1258.0
1858.0,1298.0
1962.0,1141.0
1375.0,755.0
241.0,200.0
-769.0,-381.0
-1620.0,-827.0
-1988.0,-1035.0
-2005.0,-1016.0
-1779.0,-879.0
-1573.0,-740.0
-1448.0,-665.0
-1423.0,-656.0
-1443.0,-676.0
-1535.0,-713.0
-1717.0,-787.0
-1938.0,-883.0
-2031.0,-923.0
-1797.0,-805.0
-1114.0,-469.0
-73.0,28.0
1052.0,551.0
1835.0,939.0
1902.0,1101.0
1911.0,1084.0
1892.0,979.0
1939.0,868.0
1792.0,807.0
1648.0,783.0
1641.0,771.0
1729.0,796.0
1887.0,883.0
1924.0,1000.0
1868.0,1050.0
1982.0,918.0
1441.0,559.0
-49.0,56.0
-1183.0,-404.0
-1868.0,-629.0
-1613.0,-540.0
-654.0,-172.0
711.0,321.0
1802.0,752.0
1906.0,1000.0
1906.0,1053.0
1886.0,951.0
1953.0,729.0
1186.0,437.0
149.0,133.0
-668.0,-155.0
-1530.0,-411.0
-2032.0,-611.0
-2048.0,-728.0
-2048.0,-729.0
-2048.0,-563.0
-1022.0,-229.0
460.0,206.0
1676.0,593.0
1943.0,763.0
1865.0,608.0
409.0,188.0
-1314.0,-288.0
-2048.0,-553.0
-1950.0,-439.0
-347.0,-12.0
1541.0,483.0
1915.0,755.0
1988.0,637.0
686.0,214.0
-1458.0,-259.0
-2048.0,-509.0
-2014.0,-388.0
-304.0,13.0
1578.0,435.0
1916.0,649.0
1977.0,548.0
696.0,209.0
-1280.0,-161.0
-2048.0,-360.0
-2048.0,-303.0
-687.0,-41.0
1102.0,278.0
1951.0,508.0
1909.0,577.0
1926.0,506.0
1943.0,400.0
1843.0,359.0
1807.0,399.0
1970.0,457.0
1882.0,466.0
1995.0,411.0
1607.0,295.0
297.0,144.0
-737.0,-3.0
-1718.0,-124.0
-2048.0,-214.0
-2048.0,-248.0
-2048.0,-223.0
-2048.0,-145.0
-1085.0,-17.0
335.0,136.0
1591.0,268.0
1944.0,321.0
1962.0,284.0
899.0,174.0
-788.0,41.0
-1942.0,-71.0
-2048.0,-119.0
-2048.0,-92.0
-2004.0,-38.0
-1427.0,-1.0
-1592.0,11.0
-2048.0,5.0
-2048.0,-5.0
-2048.0,10.0
-1384.0,59.0
340.0,113.0
1628.0,152.0
1963.0,162.0
1953.0,143.0
903.0,123.0
-566.0,104.0
-1733.0,90.0
-2048.0,68.0
-2048.0,64.0
-2048.0,92.0
-2048.0,111.0
-975.0,114.0
468.0,107.0
1628.0,89.0
1967.0,73.0
1953.0,68.0
903.0,86.0
-564.0,121.0
-1767.0,172.0
-2048.0,226.0
-2048.0,252.0
-2048.0,253.0
-2048.0,229.0
-1056.0,170.0
548.0,91.0
1779.0,29.0
1971.0,-1.0
1933.0,16.0
442.0,96.0
-1424.0,214.0
-2048.0,301.0
-2013.0,282.0
-434.0,148.0
1441.0,-18.0
1947.0,-110.0
2035.0,-78.0
1217.0,40.0
-621.0,192.0
-1849.0,343.0
-2048.0,439.0
-2048.0,470.0
-2048.0,457.0
-2048.0,382.0
-1025.0,255.0
192.0,100.0
1382.0,-59.0
1972.0,-179.0
1961.0,-201.0
1878.0,-120.0
812.0,11.0
29.0,131.0
-364.0,192.0
-293.0,181.0
1.0,131.0
257.0,90.0
318.0,80.0
228.0,98.0
105.0,114.0
56.0,118.0
89.0,115.0
143.0,105.0
159.0,103.0
135.0,110.0
100.0,121.0
91.0,124.0
110.0,117.0
135.0,110.0
143.0,110.0
127.0,114.0
106.0,117.0
100.0,118.0
116.0,114.0
133.0,111.0
131.0,110.0
117.0,112.0
111.0,117.0
119.0,116.0
140.0,105.0
154.0,105.0
138.0,109.0
92.0,120.0
42.0,133.0
51.0,130.0
156.0,100.0
298.0,64.0
360.0,51.0
224.0,87.0
-156.0,202.0
-719.0,381.0
-1310.0,575.0
-1772.0,734.0
-2009.0,827.0
-2016.0,842.0
-1872.0,796.0
-1709.0,745.0
-1634.0,735.0
-1684.0,767.0
-1807.0,810.0
-1874.0,837.0
-1809.0,828.0
-1653.0,788.0
-1554.0,754.0
-1608.0,776.0
-1831.0,868.0
-2048.0,979.0
-2048.0,1022.0
-1827.0,915.0
-1138.0,639.0
-147.0,232.0
923.0,-224.0
1848.0,-641.0
2003.0,-933.0
2013.0,-1042.0
1976.0,-963.0
2040.0,-720.0
1284.0,-357.0
184.0,65.0
-681.0,476.0
-1518.0,837.0
-2048.0,1125.0
-2048.0,1309.0
-2048.0,1337.0
-2048.0,1122.0
-975.0,627.0
487.0,-62.0
1728.0,-692.0
2038.0,-959.0
1875.0,-694.0
357.0,8.0
-1211.0,799.0
-2048.0,1237.0
-1687.0,1052.0
-344.0,327.0
1368.0,-538.0
1998.0,-1052.0
2047.0,-949.0
1021.0,-303.0
-692.0,541.0
-1822.0,1203.0
-2048.0,1472.0
-2048.0,1397.0
-1841.0,1174.0
-1415.0,1004.0
-1432.0,972.0
-1496.0,1046.0
-1648.0,1137.0
-1654.0,1181.0
-1615.0,1170.0
-1542.0,1142.0
-1540.0,1136.0
-1566.0,1158.0
-1604.0,1181.0
-1606.0,1186.0
-1583.0,1184.0
-1545.0,1186.0
-1518.0,1184.0
-1511.0,1186.0
-1513.0,1195.0
-1521.0,1213.0
-1532.0,1241.0
-1535.0,1258.0
-1524.0,1256.0
-1499.0,1243.0
-1477.0,1241.0
-1497.0,1261.0
-1549.0,1301.0
-1569.0,1328.0
-1507.0,1298.0
-1395.0,1222.0
-1328.0,1171.0
-1380.0,1214.0
-1559.0,1349.0
-1765.0,1508.0
-1824.0,1583.0
-1570.0,1419.0
-964.0,957.0
-76.0,279.0
849.0,-450.0
1662.0,-1075.0
2044.0,-1495.0
2029.0,-1678.0
2047.0,-1609.0
1969.0,-1265.0
1098.0,-671.0
180.0,72.0
-691.0,806.0
-1365.0,1370.0
-1708.0,1662.0
-1742.0,1696.0
-1575.0,1577.0
-1371.0,1423.0
-1228.0,1305.0
-1178.0,1259.0
-1199.0,1292.0
-1294.0,1400.0
-1455.0,1562.0
-1628.0,1729.0
-1686.0,1796.0
-1466.0,1610.0
-876.0,1071.0
3.0,245.0
926.0,-648.0
1627.0,-1341.0
1963.0,-1667.0
1960.0,-1656.0
1766.0,-1481.0
1564.0,-1304.0
1454.0,-1207.0
1424.0,-1182.0
1441.0,-1208.0
1508.0,-1288.0
1645.0,-1442.0
1819.0,-1627.0
1885.0,-1708.0
1685.0,-1513.0
1136.0,-935.0
305.0,-56.0
-583.0,887.0
-1254.0,1612.0
-1551.0,1963.0
-1532.0,1970.0
-1359.0,1769.0
-1170.0,1570.0
-1057.0,1466.0
-1028.0,1445.0
-1045.0,1473.0
-1106.0,1557.0
-1234.0,1717.0
-1395.0,1912.0
-1456.0,1997.0
-1273.0,1789.0
-758.0,1179.0
17.0,252.0
837.0,-738.0
1457.0,-1502.0
1741.0,-1872.0
1720.0,-1877.0
1550.0,-1679.0
1383.0,-1467.0
1280.0,-1354.0
1247.0,-1334.0
1268.0,-1361.0
1340.0,-1437.0
1458.0,-1604.0
1595.0,-1814.0
1649.0,-1903.0
1481.0,-1684.0
1001.0,-1046.0
283.0,-79.0
-473.0,962.0
-1039.0,1753.0
-1293.0,2013.0
-1280.0,1970.0
-1133.0,2023.0
-969.0,1775.0
-874.0,1573.0
-854.0,1582.0
-872.0,1584.0
-933.0,1693.0
-1047.0,1847.0
-1178.0,2010.0
-1210.0,1962.0
-1051.0,2034.0
-606.0,1349.0
51.0,241.0
730.0,-805.0
1248.0,-1675.0
1489.0,-2036.0
1484.0,-2048.0
1343.0,-1812.0
1197.0,-1593.0
1106.0,-1474.0
1078.0,-1453.0
1090.0,-1484.0
1141.0,-1568.0
1234.0,-1756.0
1347.0,-1968.0
1399.0,-2048.0
1262.0,-1839.0
865.0,-1135.0
271.0,-91.0
-349.0,1039.0
-824.0,1867.0
-1039.0,2006.0
-1025.0,1984.0
-896.0,1997.0
-759.0,1971.0
-667.0,1702.0
-642.0,1685.0
-646.0,1706.0
-679.0,1832.0
-749.0,1952.0
-845.0,2009.0
-885.0,1958.0
-778.0,2047.0
-442.0,1477.0
77.0,226.0
622.0,-882.0
1044.0,-1808.0
1221.0,-2048.0
1187.0,-2048.0
1068.0,-2048.0
958.0,-1763.0
905.0,-1606.0
875.0,-1568.0
849.0,-1526.0
871.0,-1618.0
969.0,-1851.0
1101.0,-2048.0
1154.0,-2032.0
1039.0,-2048.0
656.0,-1195.0
117.0,209.0
-374.0,1457.0
-623.0,2014.0
-536.0,1946.0
-136.0,896.0
388.0,-548.0
847.0,-1756.0
1099.0,-2048.0
1140.0,-2027.0
1032.0,-2048.0
809.0,-1937.0
495.0,-954.0
181.0,20.0
-116.0,909.0
-389.0,1763.0
-568.0,2000.0
-659.0,2000.0
-651.0,1957.0
-503.0,2047.0
-180.0,1358.0
271.0,-344.0
657.0,-1550.0
833.0,-2048.0
678.0,-1706.0
248.0,-192.0
-236.0,1540.0
-483.0,2006.0
-392.0,2017.0
31.0,646.0
550.0,-1470.0
805.0,-2048.0
705.0,-2048.0
279.0,-436.0
-198.0,1626.0
-407.0,1978.0
-316.0,2045.0
66.0,588.0
498.0,-1482.0
694.0,-2048.0
614.0,-2002.0
275.0,-438.0
-116.0,1484.0
-306.0,1981.0
-263.0,2047.0
1.0,1001.0
354.0,-956.0
585.0,-1999.0
647.0,-2048.0
601.0,-2048.0
519.0,-1970.0
469.0,-1527.0
505.0,-1757.0
562.0,-2048.0
568.0,-2044.0
524.0,-2048.0
388.0,-1369.0
204.0,-116.0
38.0,943.0
-92.0,1883.0
-159.0,1978.0
-190.0,2013.0
-166.0,1950.0
-109.0,2047.0
16.0,1382.0
197.0,-206.0
337.0,-1384.0
410.0,-2048.0
373.0,-1766.0
243.0,-655.0
77.0,979.0
-31.0,1966.0
-55.0,1995.0
-30.0,1974.0
16.0,2022.0
54.0,1746.0
45.0,1741.0
18.0,2047.0
25.0,1930.0
29.0,2047.0
77.0,1593.0
178.0,-142.0
242.0,-1465.0
268.0,-2048.0
243.0,-1730.0
193.0,-630.0
147.0,729.0
121.0,1856.0
153.0,1984.0
171.0,2007.0
165.0,1949.0
149.0,2047.0
160.0,1241.0
175.0,-321.0
162.0,-1420.0
154.0,-2014.0
150.0,-1672.0
162.0,-654.0
179.0,738.0
212.0,1864.0
280.0,1991.0
323.0,2003.0
335.0,1952.0
289.0,2047.0
219.0,1302.0
148.0,-385.0
70.0,-1621.0
33.0,-2048.0
65.0,-1795.0
155.0,-181.0
280.0,1558.0
386.0,2003.0
335.0,2009.0
201.0,683.0
58.0,-1279.0
-52.0,-2030.0
-34.0,-2048.0
72.0,-901.0
229.0,788.0
391.0,1903.0
519.0,1983.0
564.0,2002.0
537.0,1957.0
430.0,2047.0
304.0,1283.0
157.0,-44.0
-7.0,-1133.0
-117.0,-1938.0
-141.0,-2032.0
-62.0,-1504.0
68.0,-604.0
183.0,162.0
239.0,549.0
228.0,479.0
183.0,191.0
143.0,-65.0
130.0,-127.0
149.0,-38.0
174.0,84.0
180.0,131.0
173.0,104.0
165.0,52.0
163.0,34.0
166.0,62.0
172.0,96.0
174.0,103.0
167.0,88.0
161.0,61.0
160.0,51.0
164.0,63.0
171.0,78.0
171.0,81.0
169.0,64.0
171.0,46.0
169.0,49.0
170.0,66.0
174.0,73.0
171.0,65.0
165.0,45.0
162.0,34.0
168.0,50.0
180.0,96.0
187.0,142.0
179.0,129.0
154.0,33.0
120.0,-105.0
101.0,-165.0
139.0,-38.0
252.0,333.0
420.0,871.0
602.0,1450.0
755.0,1874.0
848.0,1998.0
877.0,1972.0
845.0,2006.0
792.0,1916.0
773.0,1723.0
790.0,1816.0
841.0,1910.0
872.0,1977.0
850.0,1910.0
800.0,1778.0
779.0,1663.0
817.0,1718.0
908.0,1901.0
1013.0,2002.0
1064.0,1958.0
956.0,2014.0
690.0,1312.0
289.0,299.0
-163.0,-686.0
-558.0,-1617.0
-845.0,-2048.0
-975.0,-2048.0
-895.0,-2048.0
-643.0,-1890.0
-295.0,-930.0
122.0,-38.0
541.0,833.0
904.0,1609.0
1192.0,1976.0
1384.0,1993.0
1410.0,1954.0
1165.0,2042.0
667.0,1184.0
2.0,-324.0
-611.0,-1450.0
-870.0,-1991.0
-613.0,-1449.0
67.0,-161.0
828.0,1338.0
1275.0,2002.0
1099.0,1868.0
396.0,473.0
-452.0,-1069.0
-970.0,-1965.0
-881.0,-1798.0
-250.0,-673.0
593.0,782.0
1251.0,1859.0
1513.0,1988.0
1427.0,1986.0
1212.0,1947.0
1070.0,1519.0
1037.0,1476.0
1098.0,1587.0
1171.0,1707.0
1204.0,1735.0
1195.0,1679.0
1171.0,1615.0
1166.0,1604.0
1192.0,1635.0
1222.0,1666.0
1236.0,1669.0
1237.0,1643.0
1229.0,1606.0
1222.0,1582.0
1227.0,1573.0
1236.0,1572.0
1244.0,1582.0
1264.0,1597.0
1286.0,1600.0
1291.0,1585.0
1267.0,1565.0
1256.0,1553.0
1290.0,1562.0
1336.0,1605.0
1355.0,1624.0
1327.0,1565.0
1261.0,1457.0
1218.0,1387.0
1264.0,1428.0
1403.0,1584.0
1564.0,1774.0
1620.0,1836.0
1450.0,1612.0
999.0,1045.0
331.0,237.0
-384.0,-619.0
-994.0,-1339.0
-1418.0,-1809.0
-1605.0,-1997.0
-1525.0,-1897.0
-1173.0,-1494.0
-587.0,-824.0
139.0,-1.0
854.0,804.0
1405.0,1412.0
1700.0,1717.0
1744.0,1733.0
1623.0,1587.0
1458.0,1408.0
1341.0,1278.0
1303.0,1230.0
1335.0,1256.0
1434.0,1347.0
1594.0,1488.0
1762.0,1633.0
1835.0,1685.0
1640.0,1494.0
1098.0,968.0
293.0,175.0
-571.0,-669.0
-1238.0,-1313.0
-1560.0,-1612.0
-1552.0,-1598.0
-1378.0,-1421.0
-1209.0,-1233.0
-1128.0,-1120.0
-1113.0,-1092.0
-1132.0,-1117.0
-1205.0,-1177.0
-1357.0,-1295.0
-1549.0,-1441.0
-1637.0,-1495.0
-1445.0,-1316.0
-870.0,-824.0
2.0,-94.0
938.0,670.0
1650.0,1254.0
1895.0,1521.0
1858.0,1501.0
1917.0,1336.0
1676.0,1178.0
1487.0,1086.0
1507.0,1060.0
1508.0,1076.0
1614.0,1131.0
1759.0,1244.0
1905.0,1380.0
1851.0,1434.0
1933.0,1268.0
1291.0,818.0
282.0,152.0
-660.0,-551.0
-1445.0,-1089.0
-1798.0,-1336.0
-1810.0,-1318.0
-1597.0,-1165.0
-1401.0,-1013.0
-1284.0,-933.0
-1268.0,-913.0
-1296.0,-918.0
-1383.0,-963.0
-1554.0,-1058.0
-1766.0,-1174.0
-1856.0,-1220.0
-1634.0,-1075.0
-994.0,-676.0
-24.0,-78.0
1012.0,559.0
1772.0,1043.0
1897.0,1263.0
1888.0,1251.0
1893.0,1110.0
1904.0,965.0
1648.0,888.0
1608.0,864.0
1638.0,868.0
1744.0,912.0
1868.0,1010.0
1914.0,1125.0
1859.0,1161.0
1962.0,1017.0
1461.0,652.0
274.0,119.0
-742.0,-438.0
-1612.0,-856.0
-1972.0,-1051.0
-1987.0,-1038.0
-1763.0,-919.0
-1555.0,-801.0
-1428.0,-725.0
-1406.0,-700.0
-1422.0,-718.0
-1517.0,-762.0
-1701.0,-831.0
-1930.0,-909.0
-2023.0,-938.0
-1781.0,-827.0
-1081.0,-518.0
-43.0,-48.0
1078.0,450.0
1839.0,822.0
1900.0,989.0
1907.0,973.0
1896.0,861.0
1927.0,744.0
1869.0,675.0
1718.0,657.0
1755.0,673.0
1857.0,703.0
1906.0,759.0
1917.0,837.0
1880.0,859.0
1964.0,756.0
1580.0,488.0
273.0,89.0
-815.0,-327.0
-1769.0,-635.0
-2048.0,-767.0
-2048.0,-746.0
-1949.0,-655.0
-1659.0,-576.0
-1566.0,-532.0
-1494.0,-502.0
-1477.0,-479.0
-1553.0,-500.0
-1793.0,-585.0
-2048.0,-689.0
-2048.0,-724.0
-2048.0,-605.0
-1122.0,-322.0
246.0,55.0
1524.0,398.0
1922.0,572.0
1956.0,502.0
1013.0,224.0
-520.0,-136.0
-1697.0,-446.0
-2048.0,-618.0
-2039.0,-642.0
-2048.0,-554.0
-1900.0,-402.0
-875.0,-209.0
64.0,4.0
965.0,206.0
1770.0,379.0
1926.0,516.0
1930.0,583.0
1885.0,553.0
1995.0,434.0
1443.0,231.0
-272.0,-36.0
-1491.0,-271.0
-2048.0,-371.0
-1584.0,-276.0
-148.0,-19.0
1580.0,268.0
1919.0,431.0
1994.0,362.0
736.0,101.0
-1420.0,-199.0
-2048.0,-360.0
-2048.0,-293.0
-353.0,-48.0
1648.0,228.0
1905.0,367.0
2016.0,296.0
677.0,75.0
-1426.0,-152.0
-2048.0,-266.0
-2001.0,-210.0
-372.0,-30.0
1509.0,165.0
1923.0,268.0
2014.0,230.0
1081.0,89.0
-892.0,-72.0
-1999.0,-182.0
-2048.0,-214.0
-2048.0,-180.0
-1923.0,-119.0
-1447.0,-79.0
-1707.0,-82.0
-2045.0,-108.0
-2048.0,-121.0
-2048.0,-103.0
-1285.0,-51.0
-70.0,5.0
1009.0,48.0
1877.0,79.0
1921.0,100.0
1965.0,107.0
1899.0,98.0
2021.0,78.0
1463.0,50.0
-141.0,23.0
-1321.0,3.0
-2041.0,1.0
-1706.0,16.0
-607.0,27.0
1034.0,16.0
1944.0,-11.0
1942.0,-25.0
1939.0,-24.0
1963.0,-24.0
1857.0,-26.0
1781.0,-32.0
1994.0,-56.0
1901.0,-88.0
2014.0,-89.0
1651.0,-43.0
-77.0,32.0
-1419.0,106.0
-2030.0,139.0
-1667.0,119.0
-587.0,59.0
792.0,-19.0
1875.0,-115.0
1938.0,-193.0
1978.0,-236.0
1910.0,-232.0
2038.0,-172.0
1319.0,-70.0
-273.0,59.0
-1366.0,175.0
-1967.0,233.0
-1628.0,204.0
-614.0,98.0
798.0,-53.0
1870.0,-201.0
1953.0,-311.0
1977.0,-362.0
1922.0,-356.0
2029.0,-285.0
1392.0,-135.0
-332.0,79.0
-1564.0,280.0
-2048.0,370.0
-1660.0,289.0
-131.0,51.0
1607.0,-243.0
1958.0,-417.0
2022.0,-347.0
759.0,-73.0
-1212.0,247.0
-2048.0,443.0
-2048.0,419.0
-796.0,194.0
813.0,-122.0
1946.0,-399.0
1939.0,-566.0
2003.0,-622.0
1923.0,-577.0
2043.0,-437.0
1369.0,-223.0
2.0,36.0
-1090.0,308.0
-1899.0,510.0
-1976.0,544.0
-1460.0,410.0
-556.0,193.0
216.0,-7.0
604.0,-111.0
533.0,-98.0
243.0,-16.0
-13.0,54.0
-76.0,74.0
19.0,50.0
144.0,17.0
185.0,3.0
148.0,9.0
96.0,25.0
82.0,30.0
113.0,20.0
146.0,9.0
151.0,4.0
136.0,12.0
112.0,24.0
99.0,24.0
113.0,18.0
129.0,15.0
130.0,15.0
118.0,18.0
102.0,23.0
105.0,19.0
121.0,11.0
127.0,12.0
118.0,15.0
101.0,25.0
88.0,31.0
99.0,26.0
144.0,10.0
192.0,-5.0
186.0,-4.0
86.0,32.0
-51.0,86.0
-112.0,110.0
14.0,61.0
378.0,-83.0
928.0,-312.0
1508.0,-573.0
1929.0,-777.0
1980.0,-878.0
1984.0,-878.0
1970.0,-825.0
1992.0,-765.0
1889.0,-738.0
1858.0,-770.0
1982.0,-836.0
1968.0,-875.0
1994.0,-860.0
1911.0,-808.0
1709.0,-763.0
1816.0,-789.0
1944.0,-895.0
2006.0,-1021.0
1949.0,-1065.0
2041.0,-932.0
1451.0,-597.0
361.0,-117.0
-635.0,419.0
-1579.0,903.0
-2048.0,1235.0
-2048.0,1376.0
-2048.0,1300.0
-1847.0,1013.0
-867.0,572.0
13.0,70.0
908.0,-423.0
1684.0,-860.0
2002.0,-1193.0
2007.0,-1397.0
1974.0,-1436.0
2047.0,-1188.0
1291.0,-590.0
-284.0,224.0
-1409.0,960.0
-1973.0,1275.0
-1403.0,971.0
-118.0,151.0
1421.0,-772.0
2002.0,-1279.0
1956.0,-1070.0
577.0,-242.0
-1046.0,748.0
-1940.0,1348.0
-1782.0,1231.0
-635.0,488.0
855.0,-485.0
1897.0,-1247.0
2017.0,-1557.0
1992.0,-1462.0
2008.0,-1206.0
1659.0,-1018.0
1542.0,-989.0
1668.0,-1080.0
1750.0,-1186.0
1793.0,-1231.0
1737.0,-1199.0
1693.0,-1147.0
1679.0,-1133.0
1708.0,-1168.0
1725.0,-1213.0
1725.0,-1233.0
1703.0,-1222.0
1681.0,-1197.0
1667.0,-1179.0
1663.0,-1181.0
1658.0,-1192.0
1661.0,-1205.0
1673.0,-1235.0
1679.0,-1265.0
1672.0,-1267.0
1647.0,-1249.0
1627.0,-1240.0
1636.0,-1270.0
1672.0,-1328.0
1692.0,-1351.0
1639.0,-1305.0
1544.0,-1213.0
1483.0,-1156.0
1526.0,-1203.0
1686.0,-1361.0
1874.0,-1543.0
1932.0,-1612.0
1699.0,-1418.0
1123.0,-908.0
299.0,-157.0
-575.0,642.0
-1308.0,1338.0
-1798.0,1796.0
-1998.0,1990.0
-1890.0,1916.0
-1476.0,1509.0
-788.0,875.0
56.0,61.0
872.0,-742.0
1492.0,-1365.0
1812.0,-1680.0
1837.0,-1716.0
1682.0,-1583.0
1496.0,-1407.0
1366.0,-1279.0
1315.0,-1235.0
1342.0,-1265.0
1441.0,-1366.0
1600.0,-1525.0
1759.0,-1708.0
1807.0,-1788.0
1603.0,-1582.0
1051.0,-1001.0
229.0,-121.0
-639.0,822.0
-1306.0,1548.0
-1626.0,1888.0
-1616.0,1886.0
-1420.0,1709.0
-1229.0,1520.0
-1126.0,1417.0
-1096.0,1395.0
-1107.0,1423.0
-1173.0,1505.0
-1309.0,1663.0
-1464.0,1861.0
-1518.0,1958.0
-1326.0,1752.0
-813.0,1139.0
-49.0,203.0
755.0,-806.0
1357.0,-1585.0
1630.0,-1960.0
1619.0,-1950.0
1457.0,-1739.0
1282.0,-1528.0
1183.0,-1413.0
1160.0,-1388.0
1176.0,-1421.0
1239.0,-1507.0
1367.0,-1669.0
1512.0,-1874.0
1551.0,-1975.0
1365.0,-1758.0
897.0,-1114.0
201.0,-130.0
-529.0,920.0
-1080.0,1738.0
-1342.0,2009.0
-1343.0,1965.0
-1202.0,2010.0
-1034.0,1707.0
-940.0,1536.0
-920.0,1537.0
-927.0,1559.0
-966.0,1669.0
-1071.0,1843.0
-1195.0,1995.0
-1239.0,1965.0
-1109.0,2009.0
-680.0,1286.0
-36.0,196.0
635.0,-850.0
1139.0,-1737.0
1356.0,-2048.0
1341.0,-2048.0
1215.0,-1992.0
1076.0,-1641.0
996.0,-1545.0
963.0,-1501.0
969.0,-1551.0
1017.0,-1629.0
1116.0,-1830.0
1222.0,-2022.0
1256.0,-2048.0
1123.0,-1994.0
740.0,-1191.0
179.0,-146.0
-413.0,991.0
-869.0,1832.0
-1083.0,2006.0
-1067.0,1971.0
-934.0,2001.0
-803.0,1933.0
-727.0,1654.0
-710.0,1658.0
-717.0,1674.0
-759.0,1792.0
-839.0,1931.0
-937.0,2008.0
-977.0,1949.0
-870.0,2046.0
-527.0,1420.0
-11.0,199.0
520.0,-908.0
920.0,-1838.0
1092.0,-2048.0
1083.0,-2048.0
979.0,-2048.0
858.0,-1830.0
787.0,-1607.0
765.0,-1618.0
758.0,-1628.0
785.0,-1749.0
867.0,-1922.0
961.0,-2048.0
985.0,-2048.0
879.0,-2048.0
572.0,-1303.0
137.0,-114.0
-314.0,1072.0
-646.0,1931.0
-771.0,1976.0
-758.0,1998.0
-681.0,1964.0
-606.0,2013.0
-549.0,1851.0
-515.0,1709.0
-511.0,1690.0
-536.0,1786.0
-597.0,1955.0
-692.0,2003.0
-746.0,1946.0
-658.0,2047.0
-350.0,1449.0
107.0,-117.0
507.0,-1332.0
706.0,-2048.0
627.0,-1782.0
311.0,-760.0
-114.0,691.0
-484.0,1847.0
-675.0,1989.0
-717.0,1981.0
-640.0,1969.0
-468.0,2002.0
-216.0,1174.0
50.0,87.0
295.0,-771.0
520.0,-1686.0
676.0,-2048.0
741.0,-2048.0
713.0,-2038.0
598.0,-2048.0
336.0,-1196.0
-17.0,448.0
-320.0,1699.0
-441.0,2038.0
-332.0,1874.0
6.0,368.0
377.0,-1463.0
556.0,-2048.0
484.0,-2038.0
164.0,-484.0
-224.0,1569.0
-402.0,1975.0
-331.0,2042.0
-18.0,625.0
351.0,-1564.0
503.0,-2048.0
434.0,-2048.0
150.0,-423.0
-165.0,1582.0
-290.0,1979.0
-238.0,2016.0
-10.0,642.0
255.0,-1386.0
382.0,-2048.0
363.0,-2048.0
186.0,-827.0
-43.0,1087.0
-186.0,1977.0
-221.0,1981.0
-203.0,1970.0
-162.0,2003.0
-117.0,1772.0
-111.0,1813.0
-132.0,2023.0
-124.0,1933.0
-108.0,2047.0
-57.0,1569.0
48.0,248.0
135.0,-798.0
210.0,-1808.0
225.0,-2048.0
206.0,-2048.0
188.0,-2041.0
173.0,-2048.0
123.0,-1191.0
60.0,301.0
19.0,1532.0
10.0,1999.0
4.0,1964.0
35.0,831.0
83.0,-854.0
117.0,-1957.0
127.0,-2048.0
123.0,-2048.0
118.0,-2036.0
94.0,-1516.0
84.0,-1655.0
64.0,-2048.0
30.0,-2027.0
38.0,-2048.0
58.0,-1441.0
66.0,290.0
89.0,1593.0
122.0,2013.0
118.0,1936.0
99.0,799.0
59.0,-609.0
7.0,-1789.0
-67.0,-2048.0
-120.0,-2048.0
-115.0,-2048.0
-50.0,-2048.0
13.0,-1050.0
89.0,427.0
170.0,1549.0
214.0,2026.0
189.0,1888.0
121.0,789.0
22.0,-590.0
-81.0,-1801.0
-185.0,-2048.0
-240.0,-2048.0
-232.0,-2048.0
-148.0,-2048.0
-33.0,-1117.0
113.0,483.0
263.0,1726.0
345.0,2036.0
271.0,1884.0
93.0,334.0
-116.0,-1444.0
-248.0,-2048.0
-192.0,-1995.0
0.0,-501.0
233.0,1384.0
414.0,1974.0
392.0,2047.0
205.0,1097.0
-42.0,-663.0
-262.0,-1846.0
-418.0,-2048.0
-478.0,-2048.0
-433.0,-2048.0
-300.0,-2048.0
-132.0,-1048.0
86.0,144.0
311.0,1291.0
475.0,1940.0
512.0,2023.0
393.0,1748.0
211.0,697.0
38.0,-14.0
-41.0,-421.0
-26.0,-334.0
42.0,-65.0
95.0,198.0
108.0,256.0
87.0,169.0
58.0,42.0
47.0,1.0
59.0,32.0
75.0,84.0
76.0,98.0
68.0,73.0
60.0,41.0
57.0,36.0
64.0,55.0
69.0,78.0
70.0,82.0
68.0,70.0
62.0,57.0
63.0,58.0
67.0,71.0
68.0,79.0
67.0,72.0
66.0,61.0
65.0,59.0
66.0,73.0
70.0,87.0
73.0,93.0
73.0,75.0
60.0,29.0
38.0,-16.0
41.0,-3.0
80.0,96.0
128.0,230.0
150.0,290.0
104.0,165.0
-36.0,-190.0
-251.0,-718.0
-487.0,-1271.0
-667.0,-1708.0
-761.0,-1933.0
-775.0,-1929.0
-733.0,-1789.0
-682.0,-1633.0
-659.0,-1566.0
-680.0,-1623.0
-729.0,-1737.0
-762.0,-1793.0
-747.0,-1729.0
-702.0,-1582.0
-678.0,-1478.0
-708.0,-1527.0
-797.0,-1734.0
-912.0,-1955.0
-956.0,-2005.0
-834.0,-1732.0
-515.0,-1102.0
-66.0,-188.0
430.0,794.0
883.0,1679.0
1221.0,2003.0
1366.0,1974.0
1283.0,1998.0
992.0,1936.0
586.0,1047.0
113.0,155.0
-351.0,-691.0
-763.0,-1410.0
-1088.0,-1951.0
-1288.0,-2048.0
-1304.0,-2048.0
-1054.0,-2012.0
-515.0,-915.0
248.0,401.0
939.0,1536.0
1228.0,2028.0
939.0,1559.0
176.0,261.0
-684.0,-1141.0
-1155.0,-1927.0
-958.0,-1588.0
-184.0,-333.0
748.0,1144.0
1327.0,1973.0
1221.0,1870.0
516.0,760.0
-409.0,-625.0
-1122.0,-1698.0
-1398.0,-2048.0
-1307.0,-2011.0
-1083.0,-1606.0
-919.0,-1345.0
-890.0,-1295.0
-962.0,-1392.0
-1053.0,-1500.0
-1093.0,-1529.0
-1063.0,-1485.0
-1030.0,-1417.0
-1038.0,-1395.0
-1073.0,-1420.0
-1107.0,-1447.0
-1115.0,-1446.0
-1108.0,-1420.0
-1100.0,-1390.0
-1097.0,-1374.0
-1102.0,-1368.0
-1110.0,-1359.0
-1128.0,-1361.0
-1150.0,-1378.0
-1157.0,-1389.0
-1154.0,-1379.0
-1152.0,-1347.0
-1160.0,-1321.0
-1179.0,-1336.0
-1212.0,-1385.0
-1237.0,-1406.0
-1208.0,-1352.0
-1131.0,-1248.0
-1074.0,-1187.0
-1122.0,-1227.0
-1273.0,-1370.0
-1451.0,-1540.0
-1497.0,-1605.0
-1305.0,-1403.0
-807.0,-879.0
-106.0,-114.0
676.0,686.0
1307.0,1377.0
1774.0,1821.0
1831.0,2000.0
1881.0,1917.0
1657.0,1500.0
868.0,881.0
131.0,111.0
-687.0,-623.0
-1275.0,-1180.0
-1610.0,-1457.0
-1629.0,-1489.0
-1491.0,-1361.0
-1307.0,-1195.0
-1193.0,-1068.0
-1154.0,-1009.0
-1190.0,-1032.0
-1284.0,-1132.0
-1448.0,-1272.0
-1621.0,-1412.0
-1700.0,-1454.0
-1502.0,-1270.0
-938.0,-775.0
-65.0,-37.0
853.0,740.0
1575.0,1334.0
1843.0,1609.0
1873.0,1588.0
1827.0,1417.0
1517.0,1252.0
1432.0,1163.0
1406.0,1141.0
1435.0,1155.0
1517.0,1207.0
1681.0,1315.0
1856.0,1446.0
1859.0,1504.0
1878.0,1344.0
1189.0,888.0
237.0,214.0
-721.0,-494.0
-1498.0,-1038.0
-1857.0,-1288.0
-1856.0,-1274.0
-1641.0,-1132.0
-1440.0,-977.0
-1334.0,-881.0
-1315.0,-854.0
-1341.0,-865.0
-1427.0,-916.0
-1595.0,-1025.0
-1807.0,-1148.0
-1900.0,-1192.0
-1680.0,-1041.0
-1044.0,-633.0
-86.0,-20.0
943.0,627.0
1717.0,1108.0
1895.0,1318.0
1862.0,1303.0
1898.0,1178.0
1832.0,1052.0
1561.0,977.0
1571.0,947.0
1578.0,955.0
1685.0,1003.0
1822.0,1102.0
1905.0,1214.0
1841.0,1256.0
1946.0,1118.0
1371.0,743.0
226.0,194.0
-787.0,-384.0
-1649.0,-822.0
-2022.0,-1017.0
-2043.0,-996.0
-1805.0,-875.0
-1593.0,-749.0
-1464.0,-673.0
-1444.0,-652.0
-1468.0,-658.0
-1564.0,-695.0
-1752.0,-764.0
-1977.0,-851.0
-2048.0,-889.0
-1836.0,-771.0
-1146.0,-449.0
-99.0,23.0
1022.0,512.0
1814.0,882.0
1887.0,1043.0
1896.0,1023.0
1877.0,921.0
1925.0,822.0
1771.0,764.0
1650.0,744.0
1699.0,751.0
1799.0,781.0
1880.0,843.0
1905.0,913.0
1863.0,934.0
1954.0,833.0
1510.0,566.0
227.0,168.0
-848.0,-246.0
-1788.0,-558.0
-2048.0,-698.0
-2048.0,-685.0
-2048.0,-596.0
-1703.0,-508.0
-1568.0,-454.0
-1542.0,-429.0
-1571.0,-426.0
-1681.0,-443.0
-1881.0,-485.0
-2048.0,-549.0
-2048.0,-576.0
-2048.0,-494.0
-1208.0,-276.0
-102.0,47.0
1121.0,385.0
1884.0,643.0
1896.0,752.0
1903.0,728.0
1902.0,654.0
1903.0,595.0
1916.0,558.0
1822.0,534.0
1703.0,520.0
1830.0,532.0
1887.0,590.0
1924.0,668.0
1864.0,691.0
1977.0,596.0
1507.0,375.0
-67.0,77.0
-1280.0,-200.0
-1986.0,-343.0
-1718.0,-282.0
-708.0,-57.0
737.0,223.0
1831.0,464.0
1895.0,610.0
1913.0,659.0
1875.0,607.0
1963.0,471.0
1240.0,293.0
127.0,115.0
-710.0,-42.0
-1629.0,-174.0
-2048.0,-278.0
-2048.0,-335.0
-2048.0,-319.0
-2048.0,-221.0
-1126.0,-55.0
483.0,147.0
1705.0,322.0
1933.0,400.0
1886.0,327.0
443.0,137.0
-1415.0,-72.0
-2048.0,-184.0
-2048.0,-123.0
-416.0,62.0
1572.0,251.0
1902.0,330.0
2001.0,279.0
706.0,138.0
-1536.0,-15.0
-2048.0,-95.0
-2048.0,-56.0
-358.0,72.0
1605.0,201.0
1908.0,258.0
1984.0,227.0
714.0,133.0
-1344.0,40.0
-2048.0,-2.0
-2048.0,4.0
-756.0,62.0
1113.0,136.0
1938.0,184.0
1911.0,192.0
1920.0,180.0
1933.0,155.0
1867.0,130.0
1838.0,109.0
1964.0,91.0
1885.0,83.0
1985.0,85.0
1629.0,91.0
291.0,105.0
-763.0,129.0
-1760.0,158.0
-2048.0,186.0
-2048.0,205.0
-2048.0,218.0
-2048.0,208.0
-1130.0,165.0
325.0,91.0
1589.0,16.0
1940.0,-26.0
1960.0,-8.0
900.0,64.0
-806.0,169.0
-1979.0,272.0
-2048.0,327.0
-2048.0,320.0
-2030.0,274.0
-1451.0,241.0
-1619.0,266.0
-2048.0,320.0
-2048.0,359.0
-2048.0,337.0
-1404.0,239.0
324.0,83.0
1628.0,-68.0
1963.0,-144.0
1941.0,-116.0
890.0,15.0
-570.0,191.0
-1741.0,356.0
-2048.0,474.0
-2048.0,541.0
-2048.0,539.0
-2048.0,440.0
-974.0,259.0
450.0,42.0
1607.0,-156.0
1963.0,-252.0
1941.0,-203.0
882.0,-22.0
-559.0,229.0
-1774.0,461.0
-2048.0,618.0
-2048.0,688.0
-2048.0,673.0
-2048.0,555.0
-1036.0,327.0
527.0,24.0
1755.0,-254.0
1968.0,-380.0
1923.0,-269.0
411.0,61.0
-1386.0,444.0
-2048.0,655.0
-1957.0,572.0
-412.0,220.0
1403.0,-212.0
1959.0,-479.0
2023.0,-444.0
1179.0,-137.0
-619.0,281.0
-1832.0,633.0
-2048.0,848.0
-2048.0,918.0
-2048.0,859.0
-2048.0,694.0
-991.0,425.0
165.0,83.0
1338.0,-261.0
1936.0,-504.0
1978.0,-551.0
1821.0,-388.0
772.0,-111.0
25.0,140.0
-368.0,259.0
-295.0,234.0
-14.0,142.0
243.0,64.0
304.0,42.0
210.0,68.0
88.0,112.0
48.0,131.0
80.0,120.0
131.0,102.0
140.0,101.0
114.0,107.0
90.0,118.0
83.0,117.0
95.0,108.0
117.0,104.0
127.0,104.0
114.0,107.0
98.0,112.0
98.0,115.0
111.0,111.0
123.0,104.0
115.0,103.0
99.0,110.0
99.0,114.0
112.0,111.0
129.0,100.0
135.0,92.0
121.0,101.0
80.0,123.0
32.0,141.0
41.0,136.0
138.0,92.0
273.0,31.0
333.0,3.0
207.0,62.0
-152.0,238.0
-683.0,505.0
-1237.0,789.0
-1671.0,1016.0
-1894.0,1144.0
-1896.0,1166.0
-1756.0,1106.0
-1600.0,1028.0
-1534.0,996.0
-1588.0,1034.0
-1693.0,1110.0
-1747.0,1152.0
-1686.0,1121.0
-1545.0,1054.0
-1446.0,1013.0
-1494.0,1052.0
-1696.0,1173.0
-1919.0,1313.0
-1980.0,1360.0
-1703.0,1206.0
-1068.0,823.0
-141.0,265.0
838.0,-349.0
1729.0,-899.0
2010.0,-1283.0
2000.0,-1435.0
1994.0,-1341.0
1982.0,-1018.0
1121.0,-525.0
195.0,43.0
-640.0,598.0
-1371.0,1087.0
-1942.0,1467.0
-2048.0,1703.0
-2048.0,1727.0
-1995.0,1434.0
-856.0,781.0
425.0,-120.0
1598.0,-936.0
2047.0,-1278.0
1646.0,-936.0
290.0,-34.0
-1101.0,982.0
-1905.0,1552.0
-1548.0,1322.0
-304.0,402.0
1218.0,-697.0
1984.0,-1367.0
1958.0,-1256.0
840.0,-437.0
-594.0,646.0
-1650.0,1494.0
-2048.0,1842.0
-1932.0,1741.0
-1576.0,1455.0
-1309.0,1243.0
-1264.0,1213.0
-1357.0,1303.0
-1469.0,1394.0
-1493.0,1433.0
-1446.0,1412.0
-1387.0,1375.0
-1375.0,1369.0
-1406.0,1398.0
-1438.0,1429.0
-1436.0,1439.0
-1409.0,1433.0
-1377.0,1421.0
-1353.0,1418.0
-1342.0,1424.0
-1336.0,1432.0
-1340.0,1448.0
-1352.0,1469.0
-1354.0,1487.0
-1339.0,1493.0
-1315.0,1481.0
-1305.0,1467.0
-1326.0,1481.0
-1369.0,1527.0
-1393.0,1550.0
-1344.0,1511.0
-1234.0,1432.0
-1153.0,1387.0
-1192.0,1439.0
-1355.0,1594.0
-1543.0,1774.0
-1602.0,1835.0
-1381.0,1631.0
-835.0,1093.0
-58.0,300.0
759.0,-560.0
1444.0,-1298.0
1893.0,-1800.0
2047.0,-2013.0
1993.0,-1924.0
1567.0,-1508.0
949.0,-811.0
173.0,63.0
-592.0,909.0
-1167.0,1578.0
-1447.0,1903.0
-1465.0,1987.0
-1328.0,1826.0
-1168.0,1609.0
-1048.0,1486.0
-993.0,1433.0
-1010.0,1486.0
-1093.0,1583.0
-1228.0,1779.0
-1367.0,1931.0
-1418.0,1997.0
-1244.0,1889.0
-737.0,1185.0
13.0,258.0
797.0,-768.0
1391.0,-1545.0
1661.0,-1928.0
1644.0,-1920.0
1485.0,-1714.0
1318.0,-1507.0
1216.0,-1403.0
1189.0,-1381.0
1205.0,-1409.0
1256.0,-1494.0
1360.0,-1671.0
1494.0,-1885.0
1556.0,-1972.0
1390.0,-1750.0
937.0,-1087.0
264.0,-95.0
-452.0,976.0
-992.0,1778.0
-1238.0,2002.0
-1221.0,1959.0
-1076.0,2011.0
-924.0,1846.0
-834.0,1595.0
-819.0,1609.0
-829.0,1606.0
-873.0,1723.0
-974.0,1875.0
-1099.0,2004.0
-1140.0,1947.0
-992.0,2033.0
-573.0,1387.0
45.0,228.0
686.0,-817.0
1176.0,-1718.0
1401.0,-2046.0
1386.0,-2048.0
1242.0,-1909.0
1099.0,-1633.0
1026.0,-1535.0
1010.0,-1485.0
1024.0,-1523.0
1067.0,-1600.0
1161.0,-1807.0
1279.0,-1996.0
1342.0,-2048.0
1212.0,-1879.0
820.0,-1145.0
250.0,-108.0
-347.0,1039.0
-792.0,1872.0
-980.0,1992.0
-962.0,1978.0
-834.0,1976.0
-708.0,1986.0
-630.0,1738.0
-615.0,1689.0
-628.0,1719.0
-665.0,1833.0
-729.0,1949.0
-808.0,1996.0
-836.0,1947.0
-736.0,2042.0
-425.0,1503.0
63.0,231.0
568.0,-882.0
966.0,-1819.0
1142.0,-2048.0
1111.0,-2048.0
999.0,-2048.0
891.0,-1789.0
830.0,-1588.0
814.0,-1593.0
823.0,-1605.0
856.0,-1718.0
913.0,-1901.0
993.0,-2048.0
1017.0,-2048.0
920.0,-2048.0
635.0,-1279.0
218.0,-104.0
-213.0,1082.0
-527.0,1924.0
-658.0,1972.0
-657.0,1993.0
-572.0,1962.0
-486.0,2007.0
-428.0,1876.0
-397.0,1754.0
-397.0,1810.0
-424.0,1907.0
-476.0,1965.0
-531.0,1996.0
-540.0,1947.0
-469.0,2043.0
-251.0,1574.0
98.0,226.0
439.0,-953.0
688.0,-1916.0
777.0,-2048.0
761.0,-2048.0
707.0,-2048.0
647.0,-1932.0
600.0,-1673.0
573.0,-1666.0
562.0,-1598.0
583.0,-1712.0
638.0,-1932.0
710.0,-2048.0
735.0,-2029.0
672.0,-2048.0
447.0,-1289.0
133.0,207.0
-141.0,1511.0
-273.0,1991.0
-238.0,1986.0
-21.0,957.0
273.0,-611.0
522.0,-1813.0
650.0,-2048.0
665.0,-2041.0
610.0,-2048.0
493.0,-1991.0
323.0,-1015.0
157.0,8.0
6.0,917.0
-130.0,1791.0
-204.0,1984.0
-231.0,1993.0
-223.0,1943.0
-172.0,2047.0
-26.0,1390.0
199.0,-353.0
383.0,-1596.0
463.0,-2048.0
398.0,-1799.0
192.0,-210.0
-35.0,1566.0
-135.0,1988.0
-107.0,2021.0
80.0,676.0
322.0,-1513.0
410.0,-2048.0
369.0,-2048.0
196.0,-455.0
0.0,1636.0
-54.0,1958.0
-28.0,2046.0
106.0,597.0
258.0,-1507.0
298.0,-2048.0
279.0,-2029.0
183.0,-472.0
78.0,1492.0
56.0,1971.0
55.0,2047.0
106.0,1006.0
200.0,-977.0
254.0,-2019.0
254.0,-2048.0
249.0,-2048.0
228.0,-1993.0
188.0,-1552.0
181.0,-1775.0
172.0,-2048.0
155.0,-2048.0
164.0,-2048.0
161.0,-1382.0
150.0,-124.0
153.0,932.0
154.0,1873.0
185.0,1967.0
214.0,2002.0
229.0,1938.0
202.0,2047.0
173.0,1371.0
152.0,-213.0
113.0,-1380.0
88.0,-2048.0
84.0,-1756.0
123.0,-660.0
185.0,967.0
269.0,1949.0
331.0,1985.0
322.0,1962.0
275.0,2012.0
264.0,1719.0
301.0,1715.0
370.0,2038.0
439.0,1918.0
396.0,2047.0
267.0,1568.0
131.0,-149.0
-12.0,-1462.0
-78.0,-2048.0
-40.0,-1714.0
77.0,-640.0
230.0,707.0
378.0,1827.0
516.0,1975.0
589.0,1993.0
575.0,1941.0
453.0,2047.0
289.0,1201.0
101.0,-317.0
-80.0,-1393.0
-162.0,-1975.0
-123.0,-1648.0
36.0,-652.0
263.0,705.0
488.0,1833.0
671.0,1985.0
752.0,1988.0
733.0,1946.0
597.0,2044.0
367.0,1253.0
83.0,-382.0
-204.0,-1573.0
-338.0,-2048.0
-223.0,-1703.0
102.0,-188.0
466.0,1520.0
698.0,2002.0
613.0,1981.0
269.0,638.0
-148.0,-1225.0
-412.0,-2036.0
-358.0,-2048.0
-64.0,-847.0
329.0,721.0
672.0,1874.0
891.0,1973.0
959.0,1989.0
898.0,1951.0
712.0,2024.0
458.0,1200.0
140.0,-44.0
-198.0,-1094.0
-439.0,-1863.0
-486.0,-1943.0
-319.0,-1451.0
-52.0,-597.0
182.0,142.0
297.0,509.0
284.0,449.0
192.0,175.0
108.0,-71.0
83.0,-130.0
110.0,-42.0
149.0,72.0
167.0,114.0
155.0,85.0
136.0,35.0
134.0,20.0
148.0,47.0
161.0,77.0
161.0,78.0
153.0,58.0
143.0,36.0
143.0,28.0
150.0,41.0
151.0,58.0
150.0,61.0
144.0,51.0
139.0,40.0
141.0,41.0
147.0,53.0
151.0,64.0
147.0,54.0
138.0,34.0
133.0,25.0
140.0,40.0
163.0,80.0
183.0,122.0
178.0,118.0
137.0,27.0
79.0,-103.0
48.0,-158.0
101.0,-34.0
272.0,305.0
531.0,795.0
817.0,1313.0
1047.0,1720.0
1173.0,1933.0
1189.0,1934.0
1121.0,1803.0
1038.0,1664.0
1007.0,1603.0
1046.0,1646.0
1114.0,1747.0
1157.0,1795.0
1134.0,1742.0
1062.0,1609.0
1007.0,1529.0
1049.0,1556.0
1183.0,1754.0
1326.0,1922.0
1358.0,2000.0
1193.0,1808.0
832.0,1142.0
301.0,306.0
-289.0,-643.0
-813.0,-1454.0
-1169.0,-1997.0
-1335.0,-2048.0
-1133.0,-2035.0
-771.0,-1324.0
-383.0,-684.0
72.0,-33.0
503.0,603.0
881.0,1139.0
1172.0,1548.0
1359.0,1789.0
1385.0,1805.0
1170.0,1474.0
654.0,761.0
-55.0,-199.0
-690.0,-1055.0
-954.0,-1410.0
-693.0,-1046.0
8.0,-109.0
806.0,930.0
1253.0,1496.0
1072.0,1251.0
349.0,326.0
-511.0,-754.0
-1031.0,-1388.0
-940.0,-1258.0
-301.0,-472.0
541.0,543.0
1196.0,1329.0
1460.0,1632.0
1376.0,1527.0
1160.0,1264.0
1004.0,1068.0
984.0,1026.0
1055.0,1094.0
1136.0,1172.0
1167.0,1190.0
1144.0,1157.0
1108.0,1118.0
1099.0,1108.0
1120.0,1132.0
1145.0,1155.0
1157.0,1156.0
1155.0,1133.0
1150.0,1103.0
1139.0,1088.0
1133.0,1088.0
1139.0,1088.0
1158.0,1087.0
1183.0,1088.0
1196.0,1090.0
1188.0,1087.0
1174.0,1071.0
1171.0,1058.0
1191.0,1066.0
1234.0,1089.0
1259.0,1096.0
1223.0,1068.0
1149.0,1000.0
1107.0,947.0
1150.0,968.0
1280.0,1075.0
1433.0,1202.0
1489.0,1243.0
1325.0,1091.0
892.0,713.0
266.0,165.0
-402.0,-419.0
-971.0,-910.0
-1364.0,-1229.0
-1534.0,-1352.0
-1458.0,-1279.0
-1137.0,-1001.0
-592.0,-550.0
85.0,-2.0
752.0,528.0
1264.0,933.0
1531.0,1143.0
1563.0,1159.0
1446.0,1062.0
1298.0,941.0
1195.0,849.0
1158.0,815.0
1188.0,826.0
1278.0,880.0
1422.0,971.0
1578.0,1064.0
1636.0,1097.0
1460.0,968.0
975.0,624.0
235.0,110.0
-558.0,-434.0
-1167.0,-849.0
-1456.0,-1042.0
-1453.0,-1032.0
-1297.0,-915.0
-1136.0,-794.0
-1046.0,-731.0
-1027.0,-717.0
-1052.0,-724.0
-1122.0,-759.0
-1259.0,-831.0
-1428.0,-920.0
-1496.0,-962.0
-1316.0,-849.0
-808.0,-532.0
-30.0,-66.0
799.0,427.0
1438.0,796.0
1743.0,962.0
1736.0,953.0
1570.0,848.0
1396.0,743.0
1300.0,680.0
1283.0,655.0
1310.0,664.0
1381.0,701.0
1521.0,769.0
1691.0,850.0
1767.0,878.0
1588.0,771.0
1056.0,494.0
239.0,88.0
-627.0,-337.0
-1294.0,-658.0
-1617.0,-800.0
-1612.0,-785.0
-1431.0,-694.0
-1250.0,-602.0
-1150.0,-559.0
-1127.0,-553.0
-1155.0,-559.0
-1229.0,-586.0
-1370.0,-647.0
-1550.0,-715.0
-1634.0,-734.0
-1442.0,-643.0
-885.0,-404.0
-48.0,-50.0
845.0,322.0
1533.0,606.0
1858.0,742.0
1853.0,734.0
1672.0,649.0
1483.0,568.0
1384.0,523.0
1368.0,506.0
1394.0,502.0
1470.0,522.0
1618.0,573.0
1798.0,631.0
1877.0,651.0
1684.0,575.0
1116.0,370.0
249.0,64.0
-673.0,-255.0
-1379.0,-488.0
-1715.0,-592.0
-1711.0,-573.0
-1528.0,-499.0
-1336.0,-435.0
-1230.0,-404.0
-1204.0,-401.0
-1230.0,-401.0
-1307.0,-417.0
-1460.0,-457.0
-1645.0,-502.0
-1736.0,-516.0
-1532.0,-444.0
-956.0,-270.0
-59.0,-24.0
877.0,230.0
1618.0,413.0
1904.0,505.0
1947.0,507.0
1789.0,448.0
1533.0,386.0
1453.0,352.0
1406.0,345.0
1454.0,343.0
1520.0,352.0
1695.0,377.0
1855.0,404.0
1955.0,414.0
1772.0,366.0
1139.0,236.0
253.0,47.0
-736.0,-151.0
-1470.0,-291.0
-1807.0,-350.0
-1774.0,-340.0
-1588.0,-296.0
-1412.0,-251.0
-1316.0,-227.0
-1266.0,-213.0
-1245.0,-205.0
-1307.0,-215.0
-1507.0,-244.0
-1784.0,-279.0
-1924.0,-285.0
-1671.0,-237.0
-917.0,-127.0
179.0,25.0
1214.0,168.0
1757.0,236.0
1568.0,198.0
734.0,85.0
-404.0,-50.0
-1432.0,-168.0
-2048.0,-233.0
-2048.0,-225.0
-2048.0,-179.0
-1475.0,-118.0
-739.0,-53.0
25.0,11.0
772.0,64.0
1455.0,110.0
1907.0,148.0
1952.0,165.0
1919.0,155.0
1972.0,118.0
1067.0,63.0
-223.0,1.0
-1249.0,-43.0
-1763.0,-56.0
-1310.0,-39.0
-133.0,4.0
1276.0,39.0
1970.0,44.0
1806.0,30.0
446.0,17.0
-1100.0,12.0
-1985.0,19.0
-1635.0,32.0
-276.0,22.0
1337.0,-7.0
1981.0,-30.0
1872.0,-28.0
441.0,1.0
-1135.0,39.0
-1893.0,61.0
-1556.0,50.0
-276.0,16.0
1173.0,-32.0
1945.0,-76.0
1850.0,-75.0
717.0,-21.0
-686.0,49.0
-1716.0,100.0
-2048.0,130.0
-1846.0,139.0
-1427.0,123.0
-1213.0,111.0
-1365.0,130.0
-1689.0,163.0
-1869.0,175.0
-1638.0,151.0
-999.0,103.0
-98.0,28.0
784.0,-64.0
1549.0,-155.0
1946.0,-217.0
1961.0,-243.0
1949.0,-235.0
1960.0,-200.0
1047.0,-110.0
-104.0,33.0
-1085.0,170.0
-1613.0,243.0
-1386.0,217.0
-464.0,91.0
754.0,-87.0
1780.0,-247.0
1956.0,-330.0
1997.0,-318.0
1779.0,-249.0
1298.0,-200.0
1437.0,-222.0
1851.0,-300.0
1950.0,-358.0
2014.0,-324.0
1268.0,-178.0
-104.0,45.0
-1107.0,248.0
-1623.0,339.0
-1322.0,281.0
-483.0,116.0
587.0,-96.0
1552.0,-294.0
1984.0,-448.0
1956.0,-527.0
1977.0,-499.0
1921.0,-370.0
917.0,-167.0
-195.0,78.0
-1104.0,298.0
-1542.0,407.0
-1300.0,355.0
-479.0,152.0
581.0,-127.0
1570.0,-389.0
1990.0,-570.0
1964.0,-643.0
1978.0,-609.0
1932.0,-472.0
949.0,-226.0
-232.0,103.0
-1258.0,417.0
-1736.0,570.0
-1291.0,446.0
-111.0,72.0
1221.0,-359.0
1935.0,-598.0
1634.0,-498.0
460.0,-116.0
-894.0,338.0
-1693.0,615.0
-1560.0,566.0
-634.0,251.0
593.0,-168.0
1624.0,-528.0
2009.0,-731.0
1949.0,-782.0
2021.0,-735.0
1787.0,-581.0
898.0,-312.0
36.0,33.0
-871.0,376.0
-1448.0,610.0
-1539.0,651.0
-1116.0,494.0
-449.0,225.0
151.0,-21.0
436.0,-140.0
388.0,-122.0
163.0,-26.0
-25.0,57.0
-73.0,78.0
-5.0,48.0
84.0,5.0
121.0,-12.0
99.0,-2.0
61.0,15.0
53.0,18.0
73.0,7.0
93.0,-5.0
94.0,-2.0
82.0,5.0
67.0,12.0
63.0,18.0
73.0,15.0
82.0,8.0
80.0,6.0
68.0,10.0
60.0,14.0
65.0,13.0
78.0,6.0
82.0,1.0
73.0,5.0
59.0,15.0
51.0,23.0
64.0,18.0
98.0,-2.0
129.0,-22.0
118.0,-20.0
47.0,20.0
-51.0,78.0
-97.0,102.0
-1.0,47.0
270.0,-112.0
676.0,-350.0
1102.0,-604.0
1436.0,-809.0
1607.0,-922.0
1611.0,-932.0
1506.0,-869.0
1386.0,-800.0
1328.0,-781.0
1364.0,-823.0
1450.0,-879.0
1498.0,-902.0
1457.0,-871.0
1345.0,-810.0
1264.0,-775.0
1300.0,-813.0
1455.0,-917.0
1633.0,-1032.0
1681.0,-1063.0
1469.0,-925.0
969.0,-601.0
267.0,-129.0
-491.0,406.0
-1157.0,886.0
-1620.0,1221.0
-1802.0,1358.0
-1676.0,1272.0
-1271.0,981.0
-674.0,554.0
-2.0,62.0
643.0,-424.0
1193.0,-847.0
1613.0,-1177.0
1867.0,-1387.0
1884.0,-1413.0
1553.0,-1159.0
817.0,-582.0
-170.0,205.0
-1046.0,914.0
-1411.0,1210.0
-1042.0,914.0
-78.0,132.0
993.0,-751.0
1578.0,-1239.0
1330.0,-1036.0
376.0,-242.0
-745.0,704.0
-1408.0,1285.0
-1275.0,1186.0
-458.0,479.0
590.0,-460.0
1390.0,-1193.0
1703.0,-1483.0
1603.0,-1388.0
1335.0,-1146.0
1131.0,-974.0
1083.0,-950.0
1149.0,-1031.0
1234.0,-1112.0
1256.0,-1138.0
1221.0,-1112.0
1180.0,-1078.0
1169.0,-1072.0
1193.0,-1099.0
1216.0,-1128.0
1217.0,-1134.0
1200.0,-1124.0
1170.0,-1116.0
1148.0,-1111.0
1144.0,-1106.0
1147.0,-1110.0
1153.0,-1118.0
1162.0,-1137.0
1167.0,-1155.0
1159.0,-1160.0
1140.0,-1149.0
1129.0,-1137.0
1146.0,-1153.0
1169.0,-1200.0
1171.0,-1232.0
1124.0,-1200.0
1052.0,-1122.0
1004.0,-1074.0
1028.0,-1119.0
1143.0,-1255.0
1278.0,-1411.0
1324.0,-1465.0
1169.0,-1285.0
771.0,-820.0
203.0,-146.0
-393.0,580.0
-901.0,1197.0
-1237.0,1612.0
-1371.0,1791.0
-1302.0,1707.0
-1015.0,1359.0
-542.0,776.0
31.0,52.0
583.0,-670.0
999.0,-1227.0
1207.0,-1515.0
1227.0,-1544.0
1132.0,-1417.0
1007.0,-1256.0
919.0,-1141.0
887.0,-1101.0
901.0,-1133.0
956.0,-1231.0
1048.0,-1382.0
1149.0,-1540.0
1189.0,-1602.0
1054.0,-1425.0
688.0,-905.0
144.0,-116.0
-435.0,723.0
-874.0,1368.0
-1076.0,1681.0
-1066.0,1678.0
-943.0,1509.0
-818.0,1335.0
-748.0,1238.0
-724.0,1222.0
-729.0,1249.0
-765.0,1324.0
-849.0,1467.0
-955.0,1638.0
-995.0,1713.0
-874.0,1523.0
-538.0,984.0
-37.0,173.0
485.0,-698.0
872.0,-1378.0
1051.0,-1703.0
1057.0,-1693.0
956.0,-1510.0
842.0,-1326.0
772.0,-1229.0
742.0,-1212.0
747.0,-1238.0
787.0,-1312.0
861.0,-1458.0
943.0,-1644.0
973.0,-1725.0
864.0,-1528.0
566.0,-966.0
123.0,-119.0
-342.0,780.0
-704.0,1470.0
-877.0,1800.0
-857.0,1804.0
-743.0,1627.0
-636.0,1438.0
-584.0,1332.0
-576.0,1304.0
-582.0,1330.0
-605.0,1411.0
-665.0,1565.0
-747.0,1747.0
-780.0,1821.0
-684.0,1622.0
-419.0,1051.0
-24.0,181.0
386.0,-750.0
687.0,-1465.0
818.0,-1806.0
806.0,-1797.0
717.0,-1608.0
627.0,-1418.0
577.0,-1312.0
561.0,-1285.0
571.0,-1309.0
598.0,-1392.0
649.0,-1550.0
710.0,-1737.0
734.0,-1818.0
654.0,-1612.0
432.0,-1019.0
101.0,-122.0
-241.0,830.0
-496.0,1562.0
-610.0,1909.0
-595.0,1908.0
-513.0,1714.0
-439.0,1517.0
-399.0,1405.0
-387.0,1381.0
-393.0,1406.0
-422.0,1483.0
-467.0,1639.0
-512.0,1831.0
-531.0,1912.0
-465.0,1702.0
-277.0,1103.0
0.0,194.0
282.0,-778.0
485.0,-1525.0
569.0,-1883.0
560.0,-1877.0
509.0,-1675.0
454.0,-1468.0
418.0,-1354.0
403.0,-1327.0
400.0,-1359.0
418.0,-1442.0
460.0,-1597.0
505.0,-1790.0
516.0,-1872.0
453.0,-1660.0
299.0,-1045.0
77.0,-120.0
-160.0,873.0
-335.0,1621.0
-395.0,1958.0
-371.0,1956.0
-324.0,1741.0
-289.0,1569.0
-251.0,1464.0
-226.0,1413.0
-225.0,1390.0
-241.0,1448.0
-284.0,1662.0
-336.0,1930.0
-348.0,2004.0
-292.0,1920.0
-138.0,1056.0
53.0,-55.0
218.0,-1114.0
301.0,-1664.0
271.0,-1465.0
142.0,-611.0
-25.0,544.0
-172.0,1595.0
-253.0,2023.0
-265.0,1948.0
-241.0,2039.0
-166.0,1729.0
-57.0,846.0
32.0,128.0
115.0,-674.0
182.0,-1312.0
228.0,-1899.0
245.0,-2048.0
241.0,-2048.0
205.0,-1928.0
113.0,-856.0
16.0,316.0
-66.0,1418.0
-97.0,1885.0
-60.0,1463.0
25.0,243.0
109.0,-1136.0
148.0,-1935.0
118.0,-1620.0
53.0,-334.0
-14.0,1241.0
-47.0,2017.0
-43.0,1845.0
21.0,393.0
73.0,-1211.0
83.0,-2035.0
71.0,-1661.0
49.0,-271.0
34.0,1236.0
29.0,2022.0
30.0,1691.0
32.0,399.0
22.0,-1042.0
15.0,-1870.0
19.0,-1671.0
31.0,-576.0
56.0,795.0
84.0,1839.0
110.0,1980.0
100.0,2018.0
94.0,1624.0
103.0,1301.0
116.0,1500.0
136.0,1791.0
148.0,1985.0
141.0,1756.0
104.0,1117.0
48.0,232.0
-11.0,-672.0
-71.0,-1383.0
-120.0,-1916.0
-159.0,-2048.0
-162.0,-2048.0
-123.0,-1811.0
-53.0,-837.0
54.0,192.0
160.0,1218.0
228.0,1710.0
205.0,1505.0
103.0,590.0
-40.0,-631.0
-169.0,-1648.0
-237.0,-2048.0
-223.0,-1962.0
-167.0,-1471.0
-130.0,-1186.0
-153.0,-1291.0
-228.0,-1712.0
-284.0,-2031.0
-255.0,-1847.0
-127.0,-1020.0
64.0,189.0
242.0,1247.0
319.0,1716.0
275.0,1434.0
133.0,606.0
-54.0,-456.0
-229.0,-1378.0
-352.0,-2002.0
-408.0,-2048.0
-375.0,-2048.0
-278.0,-1751.0
-124.0,-711.0
90.0,289.0
286.0,1223.0
388.0,1621.0
344.0,1395.0
170.0,598.0
-73.0,-458.0
-297.0,-1396.0
-452.0,-2009.0
-532.0,-2048.0
-503.0,-2048.0
-386.0,-1750.0
-181.0,-735.0
111.0,328.0
386.0,1383.0
519.0,1807.0
409.0,1400.0
85.0,224.0
-287.0,-1065.0
-498.0,-1769.0
-418.0,-1454.0
-75.0,-319.0
326.0,1004.0
565.0,1771.0
530.0,1640.0
256.0,731.0
-123.0,-451.0
-450.0,-1459.0
-646.0,-1976.0
-700.0,-2048.0
-644.0,-1957.0
-500.0,-1446.0
-255.0,-775.0
56.0,110.0
368.0,957.0
584.0,1530.0
627.0,1605.0
487.0,1205.0
242.0,554.0
11.0,-20.0
-103.0,-300.0
-82.0,-254.0
5.0,-40.0
77.0,147.0
97.0,196.0
72.0,127.0
34.0,37.0
19.0,4.0
27.0,29.0
43.0,65.0
49.0,74.0
42.0,55.0
32.0,33.0
32.0,31.0
37.0,48.0
43.0,62.0
45.0,66.0
42.0,56.0
36.0,43.0
32.0,39.0
36.0,50.0
44.0,61.0
44.0,60.0
37.0,47.0
34.0,43.0
34.0,51.0
41.0,64.0
48.0,73.0
45.0,63.0
29.0,31.0
8.0,-3.0
11.0,4.0
51.0,75.0
108.0,169.0
135.0,210.0
83.0,119.0
-72.0,-143.0
-302.0,-523.0
-546.0,-921.0
-745.0,-1236.0
-857.0,-1399.0
-867.0,-1401.0
-807.0,-1299.0
-739.0,-1185.0
-713.0,-1137.0
-740.0,-1174.0
-796.0,-1249.0
-832.0,-1287.0
-817.0,-1241.0
-765.0,-1135.0
-723.0,-1063.0
-751.0,-1098.0
-858.0,-1238.0
-976.0,-1400.0
-1011.0,-1440.0
-879.0,-1242.0
-556.0,-780.0
-95.0,-128.0
412.0,584.0
877.0,1208.0
1208.0,1630.0
1341.0,1794.0
1255.0,1678.0
971.0,1303.0
557.0,746.0
83.0,117.0
-387.0,-483.0
-793.0,-991.0
-1110.0,-1374.0
-1318.0,-1602.0
-1348.0,-1614.0
-1100.0,-1306.0
-535.0,-627.0
230.0,280.0
914.0,1087.0
1197.0,1422.0
913.0,1086.0
152.0,200.0
-711.0,-785.0
-1181.0,-1324.0
-978.0,-1098.0
-202.0,-222.0
715.0,806.0
1266.0,1416.0
1172.0,1293.0
493.0,543.0
-414.0,-422.0
-1123.0,-1157.0
-1406.0,-1445.0
-1325.0,-1345.0
-1099.0,-1093.0
-927.0,-909.0
-895.0,-875.0
-958.0,-942.0
-1038.0,-1015.0
-1075.0,-1030.0
-1052.0,-995.0
-1016.0,-955.0
-1020.0,-940.0
-1050.0,-951.0
-1077.0,-968.0
-1083.0,-969.0
-1074.0,-954.0
-1063.0,-929.0
-1060.0,-908.0
-1061.0,-899.0
-1062.0,-902.0
-1076.0,-909.0
-1092.0,-917.0
-1104.0,-919.0
-1107.0,-908.0
-1099.0,-885.0
-1091.0,-872.0
-1102.0,-888.0
-1136.0,-925.0
-1162.0,-936.0
-1138.0,-891.0
-1064.0,-815.0
-1014.0,-763.0
-1058.0,-792.0
-1191.0,-897.0
-1351.0,-1021.0
-1410.0,-1056.0
-1241.0,-904.0
-788.0,-547.0
-123.0,-49.0
589.0,474.0
1198.0,911.0
1612.0,1198.0
1784.0,1317.0
1704.0,1255.0
1367.0,1002.0
797.0,591.0
80.0,96.0
-630.0,-386.0
-1171.0,-757.0
-1456.0,-952.0
-1489.0,-965.0
-1368.0,-869.0
-1211.0,-756.0
-1101.0,-679.0
-1069.0,-640.0
-1097.0,-646.0
-1186.0,-702.0
-1333.0,-784.0
-1492.0,-865.0
-1554.0,-889.0
-1371.0,-775.0
-861.0,-470.0
-83.0,-9.0
746.0,482.0
1382.0,854.0
1684.0,1026.0
1676.0,1015.0
1510.0,911.0
1343.0,808.0
1250.0,752.0
1227.0,740.0
1250.0,744.0
1325.0,770.0
1471.0,826.0
1649.0,899.0
1727.0,928.0
1537.0,830.0
1004.0,557.0
194.0,151.0
-670.0,-279.0
-1331.0,-610.0
-1648.0,-760.0
-1646.0,-746.0
-1472.0,-653.0
-1293.0,-561.0
-1195.0,-505.0
-1170.0,-487.0
-1197.0,-488.0
-1274.0,-517.0
-1422.0,-571.0
-1602.0,-643.0
-1678.0,-675.0
-1484.0,-590.0
-930.0,-350.0
-94.0,12.0
800.0,387.0
1490.0,665.0
1816.0,792.0
1813.0,783.0
1631.0,701.0
1446.0,620.0
1350.0,571.0
1324.0,560.0
1343.0,573.0
1419.0,599.0
1566.0,652.0
1744.0,711.0
1826.0,727.0
1632.0,647.0
1064.0,439.0
208.0,136.0
-709.0,-182.0
-1418.0,-414.0
-1761.0,-516.0
-1755.0,-507.0
-1566.0,-443.0
-1374.0,-378.0
-1271.0,-338.0
-1248.0,-323.0
-1274.0,-324.0
-1355.0,-335.0
-1509.0,-365.0
-1694.0,-411.0
-1778.0,-423.0
-1574.0,-351.0
-993.0,-189.0
-98.0,42.0
842.0,284.0
1582.0,469.0
1899.0,551.0
1929.0,536.0
1733.0,482.0
1514.0,430.0
1426.0,397.0
1389.0,381.0
1427.0,378.0
1489.0,396.0
1657.0,428.0
1815.0,467.0
1926.0,477.0
1734.0,422.0
1109.0,293.0
223.0,109.0
-749.0,-78.0
-1478.0,-214.0
-1837.0,-270.0
-1828.0,-256.0
-1636.0,-211.0
-1432.0,-165.0
-1322.0,-142.0
-1294.0,-138.0
-1320.0,-140.0
-1397.0,-150.0
-1561.0,-171.0
-1754.0,-191.0
-1841.0,-188.0
-1625.0,-145.0
-1026.0,-59.0
-85.0,62.0
893.0,183.0
1664.0,264.0
1927.0,293.0
1941.0,285.0
1858.0,258.0
1574.0,232.0
1499.0,215.0
1432.0,203.0
1418.0,195.0
1477.0,194.0
1688.0,202.0
1928.0,211.0
1913.0,218.0
1957.0,200.0
1135.0,143.0
-47.0,72.0
-1063.0,13.0
-1637.0,-4.0
-1430.0,15.0
-588.0,54.0
569.0,91.0
1613.0,120.0
1970.0,143.0
1899.0,148.0
1971.0,137.0
1776.0,117.0
883.0,99.0
147.0,82.0
-638.0,73.0
-1280.0,71.0
-1862.0,72.0
-2048.0,75.0
-2048.0,80.0
-1847.0,89.0
-819.0,92.0
330.0,81.0
1440.0,64.0
1899.0,51.0
1497.0,53.0
271.0,77.0
-1097.0,120.0
-1907.0,156.0
-1579.0,155.0
-316.0,102.0
1279.0,25.0
1955.0,-27.0
1889.0,-18.0
464.0,62.0
-1191.0,163.0
-1997.0,229.0
-1634.0,210.0
-247.0,107.0
1261.0,-17.0
1976.0,-90.0
1779.0,-65.0
447.0,52.0
-1014.0,197.0
-1834.0,286.0
-1646.0,270.0
-550.0,153.0
827.0,-9.0
1837.0,-145.0
1932.0,-200.0
1985.0,-171.0
1704.0,-120.0
1322.0,-98.0
1539.0,-119.0
1809.0,-170.0
1981.0,-203.0
1833.0,-173.0
1136.0,-74.0
257.0,62.0
-636.0,204.0
-1367.0,329.0
-1876.0,428.0
-2048.0,485.0
-2048.0,483.0
-1678.0,416.0
-844.0,266.0
242.0,49.0
1236.0,-158.0
1749.0,-272.0
1526.0,-232.0
617.0,-39.0
-602.0,233.0
-1619.0,470.0
-2048.0,576.0
-1911.0,540.0
-1459.0,443.0
-1155.0,380.0
-1261.0,418.0
-1676.0,538.0
-2003.0,629.0
-1819.0,588.0
-991.0,372.0
216.0,40.0
1267.0,-262.0
1736.0,-395.0
1457.0,-318.0
627.0,-79.0
-432.0,232.0
-1351.0,516.0
-1989.0,709.0
-2048.0,790.0
-2048.0,760.0
-1640.0,599.0
-700.0,322.0
322.0,-7.0
1248.0,-293.0
1652.0,-430.0
1430.0,-360.0
629.0,-104.0
-424.0,242.0
-1375.0,563.0
-1990.0,781.0
-2048.0,881.0
-2048.0,857.0
-1613.0,695.0
-747.0,385.0
365.0,-34.0
1390.0,-429.0
1840.0,-608.0
1417.0,-444.0
256.0,8.0
-1044.0,516.0
-1751.0,796.0
-1447.0,685.0
-302.0,230.0
1025.0,-315.0
1804.0,-636.0
1672.0,-581.0
768.0,-208.0
-430.0,296.0
-1432.0,724.0
-1986.0,973.0
-2048.0,1036.0
-1914.0,950.0
-1457.0,749.0
-755.0,441.0
129.0,51.0
992.0,-346.0
1562.0,-620.0
1646.0,-663.0
1246.0,-478.0
587.0,-165.0
2.0,119.0
-278.0,256.0
-229.0,231.0
-15.0,122.0
167.0,31.0
215.0,5.0
151.0,40.0
66.0,89.0
31.0,109.0
51.0,95.0
87.0,73.0
97.0,66.0
76.0,75.0
53.0,90.0
50.0,94.0
67.0,84.0
86.0,70.0
90.0,68.0
81.0,81.0
72.0,88.0
71.0,83.0
83.0,71.0
91.0,68.0
85.0,74.0
74.0,84.0
69.0,92.0
78.0,88.0
90.0,78.0
96.0,71.0
85.0,76.0
52.0,95.0
20.0,112.0
28.0,110.0
97.0,68.0
195.0,3.0
236.0,-30.0
145.0,32.0
-117.0,210.0
-502.0,481.0
-906.0,771.0
-1224.0,996.0
-1385.0,1121.0
-1387.0,1128.0
-1282.0,1067.0
-1166.0,997.0
-1116.0,968.0
-1153.0,1004.0
-1232.0,1069.0
-1273.0,1104.0
-1225.0,1079.0
-1117.0,1014.0
-1041.0,970.0
-1077.0,1006.0
-1223.0,1126.0
-1385.0,1263.0
-1426.0,1302.0
-1231.0,1146.0
-765.0,774.0
-109.0,235.0
601.0,-365.0
1232.0,-897.0
1665.0,-1267.0
1830.0,-1421.0
1699.0,-1337.0
1313.0,-1024.0
764.0,-543.0
147.0,16.0
-456.0,559.0
-975.0,1028.0
-1366.0,1384.0
-1607.0,1603.0
-1625.0,1627.0
-1311.0,1350.0
-619.0,723.0
304.0,-138.0
1121.0,-922.0
1464.0,-1244.0
1122.0,-914.0
224.0,-54.0
-772.0,914.0
-1315.0,1449.0
-1090.0,1226.0
-206.0,357.0
838.0,-676.0
1462.0,-1296.0
1346.0,-1180.0
584.0,-422.0
-403.0,579.0
-1155.0,1365.0
-1447.0,1681.0
-1351.0,1580.0
-1100.0,1322.0
-909.0,1135.0
-868.0,1103.0
-937.0,1180.0
-1018.0,1268.0
-1040.0,1299.0
-1005.0,1270.0
-962.0,1233.0
-943.0,1233.0
-958.0,1262.0
-979.0,1293.0
-985.0,1300.0
-966.0,1291.0
-937.0,1279.0
-921.0,1268.0
-919.0,1264.0
-916.0,1269.0
-920.0,1280.0
-934.0,1295.0
-936.0,1310.0
-923.0,1315.0
-906.0,1303.0
-885.0,1298.0
-881.0,1324.0
-910.0,1368.0
-929.0,1390.0
-895.0,1355.0
-819.0,1273.0
-767.0,1219.0
-787.0,1272.0
-878.0,1425.0
-995.0,1600.0
-1042.0,1656.0
-904.0,1458.0
-545.0,960.0
-34.0,247.0
501.0,-519.0
953.0,-1179.0
1258.0,-1622.0
1388.0,-1804.0
1322.0,-1712.0
1060.0,-1347.0
631.0,-734.0
116.0,31.0
-378.0,794.0
-752.0,1377.0
-944.0,1682.0
-957.0,1715.0
-866.0,1582.0
-754.0,1412.0
-670.0,1299.0
-633.0,1262.0
-648.0,1284.0
-702.0,1379.0
-784.0,1536.0
-873.0,1706.0
-896.0,1778.0
-771.0,1587.0
-450.0,1038.0
19.0,206.0
516.0,-681.0
897.0,-1362.0
1075.0,-1688.0
1067.0,-1683.0
956.0,-1503.0
846.0,-1318.0
786.0,-1214.0
768.0,-1197.0
775.0,-1229.0
809.0,-1304.0
870.0,-1451.0
943.0,-1638.0
978.0,-1715.0
881.0,-1513.0
595.0,-946.0
169.0,-95.0
-278.0,816.0
-615.0,1515.0
-769.0,1852.0
-755.0,1851.0
-659.0,1667.0
-562.0,1477.0
-507.0,1370.0
-488.0,1347.0
-487.0,1374.0
-516.0,1455.0
-580.0,1604.0
-660.0,1783.0
-695.0,1863.0
-609.0,1664.0
-351.0,1083.0
35.0,201.0
434.0,-729.0
728.0,-1442.0
852.0,-1784.0
836.0,-1782.0
749.0,-1595.0
667.0,-1397.0
621.0,-1288.0
604.0,-1266.0
604.0,-1297.0
627.0,-1382.0
686.0,-1532.0
762.0,-1715.0
787.0,-1793.0
699.0,-1588.0
477.0,-996.0
153.0,-102.0
-179.0,856.0
-423.0,1588.0
-537.0,1930.0
-531.0,1936.0
-455.0,1734.0
-383.0,1535.0
-344.0,1423.0
-327.0,1401.0
-324.0,1427.0
-341.0,1511.0
-380.0,1671.0
-429.0,1863.0
-447.0,1943.0
-382.0,1732.0
-202.0,1128.0
62.0,210.0
329.0,-763.0
533.0,-1506.0
632.0,-1858.0
628.0,-1850.0
569.0,-1652.0
508.0,-1451.0
472.0,-1342.0
452.0,-1316.0
446.0,-1342.0
464.0,-1421.0
494.0,-1582.0
526.0,-1776.0
541.0,-1864.0
487.0,-1645.0
345.0,-1035.0
139.0,-104.0
-70.0,872.0
-221.0,1639.0
-283.0,1959.0
-282.0,2000.0
-236.0,1797.0
-178.0,1565.0
-139.0,1471.0
-122.0,1433.0
-127.0,1469.0
-145.0,1539.0
-171.0,1707.0
-189.0,1892.0
-186.0,1992.0
-148.0,1773.0
-59.0,1150.0
83.0,207.0
229.0,-803.0
331.0,-1564.0
366.0,-1904.0
345.0,-1874.0
307.0,-1680.0
278.0,-1502.0
266.0,-1396.0
257.0,-1340.0
243.0,-1317.0
236.0,-1383.0
253.0,-1594.0
291.0,-1879.0
311.0,-2016.0
274.0,-1755.0
194.0,-983.0
99.0,139.0
22.0,1200.0
-7.0,1752.0
15.0,1554.0
71.0,698.0
135.0,-465.0
183.0,-1512.0
206.0,-2048.0
210.0,-2044.0
211.0,-2048.0
174.0,-1592.0
132.0,-769.0
110.0,-32.0
98.0,744.0
92.0,1410.0
82.0,1918.0
85.0,1990.0
90.0,1973.0
87.0,1971.0
106.0,990.0
106.0,-254.0
93.0,-1316.0
86.0,-1806.0
86.0,-1373.0
105.0,-172.0
135.0,1212.0
152.0,1980.0
142.0,1730.0
118.0,394.0
71.0,-1136.0
24.0,-2023.0
22.0,-1676.0
85.0,-307.0
171.0,1279.0
225.0,2015.0
202.0,1813.0
126.0,358.0
23.0,-1157.0
-34.0,-1935.0
-5.0,-1589.0
87.0,-325.0
193.0,1107.0
267.0,1931.0
264.0,1728.0
172.0,661.0
43.0,-723.0
-62.0,-1738.0
-115.0,-2048.0
-111.0,-1869.0
-76.0,-1432.0
-58.0,-1239.0
-83.0,-1380.0
-127.0,-1713.0
-146.0,-1882.0
-113.0,-1666.0
-36.0,-1025.0
78.0,-149.0
208.0,734.0
321.0,1453.0
406.0,1925.0
464.0,1978.0
464.0,1995.0
394.0,1898.0
269.0,926.0
82.0,-125.0
-92.0,-1122.0
-191.0,-1608.0
-160.0,-1403.0
2.0,-491.0
242.0,671.0
454.0,1709.0
552.0,1977.0
506.0,2018.0
419.0,1620.0
373.0,1200.0
404.0,1359.0
515.0,1746.0
613.0,2007.0
569.0,1928.0
367.0,1087.0
66.0,-117.0
-204.0,-1127.0
-324.0,-1592.0
-255.0,-1313.0
-38.0,-506.0
241.0,526.0
491.0,1436.0
668.0,1969.0
757.0,1959.0
725.0,2017.0
575.0,1807.0
340.0,777.0
28.0,-212.0
-249.0,-1104.0
-383.0,-1499.0
-321.0,-1271.0
-79.0,-492.0
256.0,522.0
568.0,1435.0
780.0,1959.0
881.0,1962.0
846.0,2015.0
683.0,1799.0
398.0,799.0
-1.0,-242.0
-376.0,-1244.0
-550.0,-1657.0
-393.0,-1261.0
41.0,-142.0
528.0,1103.0
801.0,1784.0
694.0,1488.0
253.0,390.0
-267.0,-884.0
-576.0,-1634.0
-529.0,-1499.0
-172.0,-629.0
312.0,519.0
731.0,1470.0
962.0,1973.0
1018.0,1958.0
932.0,2018.0
755.0,1550.0
467.0,795.0
80.0,-4.0
-298.0,-855.0
-564.0,-1380.0
-615.0,-1464.0
-439.0,-1069.0
-137.0,-449.0
134.0,109.0
270.0,368.0
253.0,325.0
149.0,116.0
56.0,-63.0
36.0,-111.0
70.0,-45.0
113.0,38.0
131.0,75.0
118.0,54.0
98.0,17.0
93.0,7.0
102.0,26.0
112.0,47.0
115.0,47.0
108.0,35.0
99.0,22.0
96.0,18.0
100.0,24.0
106.0,32.0
106.0,35.0
102.0,30.0
96.0,21.0
95.0,18.0
101.0,27.0
107.0,32.0
103.0,26.0
95.0,17.0
92.0,9.0
100.0,20.0
119.0,53.0
137.0,85.0
134.0,76.0
91.0,6.0
26.0,-86.0
-3.0,-123.0
57.0,-35.0
229.0,205.0
487.0,563.0
769.0,940.0
997.0,1234.0
1116.0,1384.0
1123.0,1386.0
1050.0,1295.0
970.0,1192.0
946.0,1144.0
991.0,1167.0
1062.0,1231.0
1096.0,1271.0
1068.0,1233.0
1003.0,1135.0
961.0,1062.0
997.0,1093.0
1116.0,1229.0
1246.0,1382.0
1277.0,1421.0
1123.0,1238.0
762.0,805.0
245.0,195.0
-328.0,-462.0
-848.0,-1031.0
-1217.0,-1422.0
-1362.0,-1576.0
-1262.0,-1469.0
-948.0,-1120.0
-483.0,-609.0
48.0,-37.0
569.0,515.0
1027.0,986.0
1384.0,1338.0
1605.0,1551.0
1622.0,1574.0
1347.0,1291.0
739.0,659.0
-99.0,-181.0
-863.0,-922.0
-1191.0,-1220.0
-881.0,-902.0
-30.0,-102.0
927.0,787.0
1454.0,1277.0
1238.0,1069.0
378.0,274.0
-644.0,-654.0
-1253.0,-1210.0
-1139.0,-1104.0
-389.0,-423.0
597.0,454.0
1370.0,1123.0
1684.0,1375.0
1593.0,1283.0
1340.0,1059.0
1151.0,897.0
1116.0,863.0
1189.0,922.0
1276.0,995.0
1304.0,1019.0
1271.0,993.0
1232.0,953.0
1235.0,932.0
1270.0,940.0
1297.0,960.0
1305.0,959.0
1299.0,939.0
1286.0,914.0
1276.0,899.0
1277.0,894.0
1285.0,885.0
1296.0,885.0
1315.0,891.0
1334.0,891.0
1331.0,889.0
1308.0,880.0
1298.0,867.0
1320.0,871.0
1366.0,896.0
1383.0,912.0
1346.0,877.0
1271.0,810.0
1219.0,769.0
1264.0,797.0
1407.0,889.0
1574.0,989.0
1633.0,1018.0
1447.0,892.0
964.0,576.0
266.0,125.0
-482.0,-349.0
-1127.0,-742.0
-1565.0,-996.0
-1749.0,-1101.0
-1660.0,-1040.0
-1298.0,-810.0
-694.0,-444.0
59.0,-6.0
801.0,423.0
1373.0,744.0
1670.0,910.0
1702.0,924.0
1572.0,840.0
1407.0,737.0
1292.0,667.0
1253.0,635.0
1286.0,639.0
1380.0,683.0
1533.0,762.0
1692.0,848.0
1758.0,868.0
1575.0,751.0
1041.0,474.0
229.0,74.0
-636.0,-350.0
-1307.0,-665.0
-1635.0,-808.0
-1632.0,-800.0
-1452.0,-712.0
-1269.0,-619.0
-1172.0,-561.0
-1155.0,-540.0
-1183.0,-547.0
-1255.0,-576.0
-1396.0,-631.0
-1580.0,-693.0
-1665.0,-712.0
-1470.0,-630.0
-910.0,-400.0
-64.0,-59.0
832.0,303.0
1522.0,576.0
1853.0,699.0
1854.0,689.0
1676.0,608.0
1485.0,524.0
1384.0,475.0
1359.0,462.0
1380.0,472.0
1454.0,501.0
1606.0,553.0
1785.0,604.0
1873.0,615.0
1678.0,539.0
1103.0,348.0
237.0,61.0
-693.0,-239.0
-1410.0,-458.0
-1751.0,-557.0
-1744.0,-549.0
-1556.0,-483.0
-1363.0,-411.0
-1258.0,-375.0
-1234.0,-373.0
-1257.0,-375.0
-1334.0,-381.0
-1491.0,-415.0
-1674.0,-463.0
-1759.0,-484.0
-1548.0,-423.0
-972.0,-260.0
-76.0,-30.0
854.0,208.0
1606.0,375.0
1889.0,445.0
1933.0,437.0
1817.0,385.0
1524.0,329.0
1452.0,300.0
1405.0,290.0
1446.0,289.0
1508.0,297.0
1686.0,317.0
1857.0,342.0
1945.0,352.0
1771.0,315.0
1130.0,202.0
240.0,35.0
-735.0,-136.0
-1470.0,-260.0
-1830.0,-311.0
-1822.0,-298.0
-1629.0,-264.0
-1423.0,-237.0
-1314.0,-221.0
-1290.0,-210.0
-1315.0,-198.0
-1390.0,-203.0
-1549.0,-228.0
-1740.0,-258.0
-1824.0,-267.0
-1612.0,-220.0
-1013.0,-128.0
-88.0,-12.0
885.0,101.0
1642.0,180.0
1919.0,210.0
1920.0,203.0
1916.0,179.0
1584.0,151.0
1469.0,131.0
1442.0,128.0
1468.0,130.0
1547.0,128.0
1717.0,128.0
1886.0,129.0
1944.0,134.0
1849.0,121.0
1151.0,73.0
229.0,12.0
-780.0,-41.0
-1535.0,-71.0
-1875.0,-79.0
-1848.0,-75.0
-1657.0,-66.0
-1474.0,-56.0
-1372.0,-41.0
-1316.0,-26.0
-1292.0,-18.0
-1357.0,-16.0
-1563.0,-8.0
-1850.0,-3.0
-1992.0,7.0
-1733.0,18.0
-963.0,17.0
156.0,7.0
1214.0,-12.0
1768.0,-29.0
1570.0,-29.0
722.0,-9.0
-436.0,23.0
-1481.0,57.0
-2048.0,85.0
-2048.0,107.0
-2048.0,114.0
-1529.0,91.0
-763.0,49.0
-5.0,2.0
756.0,-44.0
1441.0,-93.0
1904.0,-147.0
1951.0,-188.0
1920.0,-185.0
1965.0,-143.0
1048.0,-71.0
-244.0,33.0
-1281.0,137.0
-1796.0,199.0
-1344.0,167.0
-157.0,35.0
1249.0,-125.0
1959.0,-219.0
1787.0,-191.0
427.0,-39.0
-1116.0,157.0
-2007.0,280.0
-1654.0,241.0
-294.0,50.0
1307.0,-184.0
1979.0,-318.0
1849.0,-268.0
414.0,-51.0
-1142.0,198.0
-1904.0,324.0
-1576.0,263.0
-304.0,55.0
1128.0,-190.0
1944.0,-337.0
1784.0,-308.0
680.0,-113.0
-692.0,152.0
-1725.0,361.0
-2048.0,438.0
-1844.0,401.0
-1426.0,318.0
-1223.0,271.0
-1370.0,307.0
-1692.0,387.0
-1866.0,441.0
-1641.0,402.0
-1007.0,259.0
-121.0,54.0
757.0,-156.0
1496.0,-335.0
1926.0,-468.0
1957.0,-549.0
1955.0,-556.0
1926.0,-453.0
983.0,-239.0
-113.0,49.0
-1094.0,319.0
-1602.0,463.0
-1388.0,405.0
-474.0,152.0
703.0,-194.0
1735.0,-494.0
1951.0,-633.0
2001.0,-587.0
1684.0,-460.0
1233.0,-379.0
1379.0,-418.0
1794.0,-561.0
1962.0,-669.0
1989.0,-603.0
1197.0,-335.0
-115.0,58.0
-1096.0,422.0
-1595.0,589.0
-1299.0,495.0
-491.0,201.0
548.0,-174.0
1468.0,-509.0
1972.0,-725.0
1946.0,-815.0
1992.0,-789.0
1850.0,-619.0
826.0,-299.0
-196.0,103.0
-1081.0,461.0
-1489.0,635.0
-1263.0,551.0
-482.0,232.0
538.0,-199.0
1477.0,-589.0
1970.0,-844.0
1957.0,-957.0
1995.0,-925.0
1849.0,-726.0
849.0,-358.0
-229.0,126.0
-1238.0,574.0
-1673.0,780.0
-1262.0,603.0
-127.0,87.0
1141.0,-507.0
1829.0,-841.0
1533.0,-708.0
417.0,-167.0
-870.0,472.0
-1627.0,857.0
-1493.0,795.0
-618.0,349.0
544.0,-245.0
1506.0,-753.0
1978.0,-1047.0
1950.0,-1115.0
2025.0,-1015.0
1628.0,-786.0
819.0,-426.0
19.0,40.0
-842.0,505.0
-1371.0,817.0
-1466.0,865.0
-1068.0,652.0
-442.0,296.0
124.0,-31.0
386.0,-194.0
347.0,-170.0
140.0,-48.0
-39.0,61.0
-87.0,91.0
-20.0,48.0
65.0,-7.0
96.0,-24.0
73.0,-8.0
38.0,16.0
28.0,26.0
50.0,13.0
72.0,-3.0
78.0,-5.0
65.0,3.0
46.0,14.0
43.0,16.0
55.0,10.0
63.0,3.0
60.0,0.0
46.0,4.0
37.0,10.0
39.0,11.0
48.0,6.0
55.0,4.0
46.0,8.0
32.0,12.0
27.0,15.0
39.0,10.0
72.0,-12.0
107.0,-36.0
99.0,-30.0
30.0,21.0
-63.0,92.0
-102.0,125.0
-14.0,56.0
232.0,-141.0
600.0,-431.0
992.0,-745.0
1292.0,-998.0
1445.0,-1129.0
1447.0,-1136.0
1344.0,-1065.0
1227.0,-989.0
1179.0,-961.0
1217.0,-996.0
1293.0,-1062.0
1329.0,-1102.0
1283.0,-1074.0
1188.0,-995.0
1124.0,-938.0
1164.0,-968.0
1304.0,-1096.0
1460.0,-1242.0
1493.0,-1289.0
1299.0,-1135.0
857.0,-739.0
234.0,-163.0
-449.0,470.0
-1050.0,1034.0
-1463.0,1431.0
-1621.0,1593.0
-1504.0,1488.0
-1143.0,1147.0
-607.0,640.0
-9.0,64.0
562.0,-502.0
1050.0,-992.0
1421.0,-1372.0
1639.0,-1617.0
1643.0,-1658.0
1339.0,-1370.0
695.0,-694.0
-166.0,228.0
-933.0,1057.0
-1247.0,1405.0
-924.0,1061.0
-84.0,143.0
852.0,-885.0
1369.0,-1446.0
1154.0,-1209.0
315.0,-290.0
-663.0,803.0
-1231.0,1470.0
-1114.0,1354.0
-407.0,540.0
505.0,-533.0
1198.0,-1364.0
1465.0,-1694.0
1367.0,-1593.0
1133.0,-1321.0
963.0,-1119.0
927.0,-1086.0
985.0,-1169.0
1051.0,-1263.0
1071.0,-1297.0
1043.0,-1268.0
1005.0,-1227.0
992.0,-1218.0
1002.0,-1250.0
1016.0,-1287.0
1011.0,-1299.0
995.0,-1288.0
978.0,-1268.0
958.0,-1259.0
945.0,-1265.0
941.0,-1270.0
947.0,-1279.0
959.0,-1293.0
957.0,-1307.0
939.0,-1310.0
925.0,-1296.0
911.0,-1292.0
914.0,-1317.0
936.0,-1366.0
949.0,-1388.0
923.0,-1346.0
859.0,-1257.0
816.0,-1198.0
840.0,-1246.0
929.0,-1400.0
1032.0,-1580.0
1071.0,-1641.0
946.0,-1438.0
617.0,-922.0
148.0,-172.0
-349.0,625.0
-763.0,1301.0
-1031.0,1761.0
-1129.0,1966.0
-1060.0,1882.0
-824.0,1496.0
-444.0,852.0
15.0,53.0
462.0,-737.0
803.0,-1341.0
976.0,-1653.0
987.0,-1688.0
903.0,-1555.0
801.0,-1381.0
725.0,-1257.0
687.0,-1211.0
695.0,-1241.0
748.0,-1343.0
824.0,-1504.0
896.0,-1680.0
921.0,-1748.0
816.0,-1544.0
531.0,-978.0
107.0,-123.0
-338.0,786.0
-680.0,1483.0
-845.0,1814.0
-839.0,1809.0
-742.0,1627.0
-642.0,1437.0
-582.0,1334.0
-562.0,1311.0
-571.0,1334.0
-602.0,1411.0
-662.0,1564.0
-734.0,1749.0
-764.0,1830.0
-673.0,1628.0
-419.0,1051.0
-39.0,175.0
350.0,-761.0
639.0,-1480.0
770.0,-1825.0
756.0,-1818.0
672.0,-1628.0
587.0,-1437.0
541.0,-1327.0
534.0,-1297.0
539.0,-1323.0
559.0,-1408.0
615.0,-1564.0
678.0,-1754.0
700.0,-1836.0
617.0,-1626.0
397.0,-1030.0
82.0,-132.0
-244.0,824.0
-490.0,1558.0
-610.0,1905.0
-607.0,1903.0
-521.0,1708.0
-433.0,1509.0
-384.0,1405.0
-372.0,1381.0
-378.0,1403.0
-400.0,1483.0
-443.0,1639.0
-495.0,1829.0
-508.0,1918.0
-442.0,1710.0
-273.0,1100.0
-19.0,185.0
240.0,-791.0
438.0,-1540.0
530.0,-1896.0
516.0,-1888.0
445.0,-1691.0
381.0,-1489.0
355.0,-1374.0
346.0,-1347.0
345.0,-1374.0
366.0,-1455.0
401.0,-1614.0
434.0,-1806.0
443.0,-1888.0
389.0,-1673.0
250.0,-1062.0
58.0,-134.0
-135.0,846.0
-284.0,1604.0
-357.0,1951.0
-352.0,1971.0
-308.0,1758.0
-265.0,1553.0
-235.0,1440.0
-218.0,1415.0
-212.0,1448.0
-221.0,1522.0
-244.0,1678.0
-272.0,1870.0
-283.0,1954.0
-246.0,1747.0
-144.0,1129.0
1.0,198.0
143.0,-797.0
241.0,-1561.0
278.0,-1924.0
266.0,-1913.0
236.0,-1706.0
208.0,-1499.0
190.0,-1387.0
177.0,-1361.0
174.0,-1384.0
180.0,-1465.0
193.0,-1631.0
202.0,-1826.0
203.0,-1912.0
181.0,-1692.0
123.0,-1073.0
37.0,-121.0
-45.0,884.0
-93.0,1657.0
-107.0,1968.0
-103.0,1982.0
-87.0,1768.0
-72.0,1577.0
-62.0,1478.0
-59.0,1416.0
-49.0,1400.0
-36.0,1461.0
-40.0,1679.0
-43.0,1938.0
-34.0,1984.0
-28.0,1953.0
1.0,1077.0
29.0,-63.0
46.0,-1112.0
47.0,-1672.0
39.0,-1470.0
29.0,-615.0
27.0,542.0
32.0,1595.0
52.0,2019.0
80.0,1941.0
71.0,2031.0
56.0,1735.0
52.0,847.0
25.0,126.0
-9.0,-669.0
-46.0,-1305.0
-72.0,-1882.0
-100.0,-2048.0
-99.0,-2048.0
-68.0,-1915.0
-30.0,-852.0
42.0,305.0
111.0,1400.0
151.0,1862.0
129.0,1447.0
40.0,242.0
-83.0,-1125.0
-160.0,-1909.0
-136.0,-1600.0
-15.0,-329.0
140.0,1216.0
238.0,2002.0
203.0,1813.0
57.0,381.0
-130.0,-1185.0
-237.0,-2003.0
-198.0,-1626.0
-24.0,-267.0
193.0,1210.0
310.0,1986.0
257.0,1651.0
73.0,396.0
-144.0,-1016.0
-274.0,-1830.0
-244.0,-1633.0
-73.0,-560.0
149.0,779.0
322.0,1793.0
394.0,1979.0
353.0,2000.0
289.0,1569.0
264.0,1276.0
304.0,1458.0
378.0,1745.0
420.0,1931.0
389.0,1700.0
263.0,1080.0
72.0,222.0
-128.0,-636.0
-298.0,-1342.0
-417.0,-1841.0
-479.0,-2048.0
-469.0,-2048.0
-381.0,-1639.0
-198.0,-832.0
61.0,207.0
314.0,1169.0
455.0,1648.0
409.0,1433.0
177.0,565.0
-155.0,-597.0
-455.0,-1566.0
-587.0,-1990.0
-540.0,-1845.0
-413.0,-1416.0
-329.0,-1128.0
-367.0,-1232.0
-498.0,-1629.0
-599.0,-1941.0
-544.0,-1764.0
-297.0,-968.0
68.0,185.0
398.0,1188.0
546.0,1633.0
462.0,1368.0
200.0,574.0
-143.0,-432.0
-465.0,-1307.0
-691.0,-1908.0
-797.0,-2048.0
-751.0,-2048.0
-565.0,-1560.0
-256.0,-691.0
119.0,278.0
448.0,1146.0
609.0,1536.0
522.0,1323.0
226.0,567.0
-167.0,-423.0
-527.0,-1321.0
-758.0,-1897.0
-851.0,-2048.0
-819.0,-2042.0
-650.0,-1535.0
-310.0,-725.0
146.0,322.0
569.0,1278.0
763.0,1697.0
591.0,1301.0
100.0,214.0
-461.0,-998.0
-775.0,-1655.0
-648.0,-1366.0
-138.0,-298.0
465.0,933.0
829.0,1657.0
772.0,1533.0
353.0,692.0
-204.0,-418.0
-683.0,-1343.0
-967.0,-1848.0
-1029.0,-1961.0
-931.0,-1783.0
-721.0,-1357.0
-388.0,-707.0
54.0,100.0
496.0,890.0
794.0,1414.0
844.0,1482.0
641.0,1110.0
299.0,514.0
-11.0,-17.0
-160.0,-274.0
-136.0,-228.0
-21.0,-29.0
80.0,139.0
106.0,182.0
69.0,121.0
21.0,43.0
3.0,14.0
17.0,33.0
36.0,65.0
41.0,73.0
26.0,55.0
12.0,37.0
11.0,31.0
18.0,41.0
31.0,57.0
37.0,63.0
28.0,51.0
18.0,40.0
18.0,40.0
29.0,49.0
35.0,60.0
30.0,60.0
21.0,53.0
20.0,49.0
28.0,55.0
40.0,66.0
44.0,72.0
34.0,61.0
11.0,30.0
-13.0,3.0
-7.0,13.0
43.0,71.0
114.0,156.0
144.0,196.0
79.0,114.0
-110.0,-120.0
-392.0,-461.0
-699.0,-819.0
-944.0,-1096.0
-1075.0,-1236.0
-1093.0,-1232.0
-1028.0,-1137.0
-945.0,-1038.0
-909.0,-994.0
-940.0,-1026.0
-1003.0,-1098.0
-1031.0,-1143.0
-999.0,-1102.0
-937.0,-997.0
-895.0,-927.0
-932.0,-957.0
-1065.0,-1073.0
-1224.0,-1195.0
-1271.0,-1222.0
-1101.0,-1062.0
-699.0,-674.0
-135.0,-114.0
484.0,501.0
1043.0,1039.0
1441.0,1404.0
1597.0,1547.0
1491.0,1444.0
1159.0,1114.0
663.0,638.0
91.0,105.0
-471.0,-405.0
-962.0,-840.0
-1335.0,-1174.0
-1573.0,-1371.0
-1608.0,-1374.0
-1315.0,-1109.0
-652.0,-535.0
249.0,238.0
1060.0,926.0
1400.0,1209.0
1065.0,922.0
168.0,173.0
-844.0,-659.0
-1398.0,-1116.0
-1164.0,-924.0
-259.0,-185.0
818.0,676.0
1465.0,1186.0
1346.0,1088.0
550.0,463.0
-496.0,-348.0
-1309.0,-960.0
-1640.0,-1195.0
-1540.0,-1113.0
-1270.0,-907.0
-1071.0,-757.0
-1040.0,-724.0
-1121.0,-775.0
-1210.0,-836.0
-1246.0,-849.0
-1225.0,-812.0
-1185.0,-777.0
-1175.0,-776.0
-1203.0,-792.0
-1238.0,-798.0
-1251.0,-788.0
-1244.0,-773.0
-1228.0,-752.0
-1215.0,-736.0
-1213.0,-729.0
-1222.0,-722.0
-1238.0,-719.0
-1256.0,-729.0
-1270.0,-735.0
-1267.0,-726.0
-1249.0,-714.0
-1238.0,-705.0
-1264.0,-705.0
-1312.0,-718.0
-1336.0,-727.0
-1291.0,-703.0
-1209.0,-639.0
-1164.0,-587.0
-1210.0,-607.0
-1353.0,-693.0
-1532.0,-790.0
-1587.0,-822.0
-1398.0,-706.0
-888.0,-419.0
-161.0,-23.0
641.0,380.0
1302.0,710.0
1782.0,924.0
1869.0,1010.0
1922.0,961.0
1567.0,767.0
839.0,457.0
93.0,83.0
-717.0,-284.0
-1302.0,-561.0
-1634.0,-700.0
-1660.0,-703.0
-1529.0,-629.0
-1347.0,-545.0
-1225.0,-485.0
-1177.0,-464.0
-1211.0,-471.0
-1309.0,-503.0
-1468.0,-561.0
-1638.0,-627.0
-1703.0,-648.0
-1509.0,-561.0
-956.0,-326.0
-111.0,15.0
795.0,365.0
1495.0,624.0
1826.0,739.0
1819.0,726.0
1642.0,648.0
1456.0,569.0
1354.0,524.0
1326.0,516.0
1347.0,525.0
1426.0,539.0
1581.0,575.0
1765.0,627.0
1845.0,651.0
1643.0,586.0
1070.0,398.0
202.0,119.0
-728.0,-176.0
-1444.0,-400.0
-1785.0,-496.0
-1781.0,-478.0
-1596.0,-412.0
-1404.0,-347.0
-1296.0,-306.0
-1273.0,-293.0
-1301.0,-292.0
-1382.0,-300.0
-1537.0,-335.0
-1716.0,-382.0
-1796.0,-405.0
-1587.0,-349.0
-1006.0,-193.0
-108.0,32.0
829.0,262.0
1575.0,431.0
1877.0,503.0
1924.0,488.0
1740.0,432.0
1509.0,383.0
1426.0,357.0
1387.0,347.0
1425.0,347.0
1490.0,351.0
1659.0,375.0
1827.0,406.0
1925.0,410.0
1730.0,365.0
1104.0,261.0
210.0,105.0
-768.0,-49.0
-1509.0,-160.0
-1868.0,-216.0
-1855.0,-223.0
-1657.0,-195.0
-1450.0,-155.0
-1341.0,-129.0
-1315.0,-116.0
-1344.0,-112.0
-1425.0,-116.0
-1585.0,-132.0
-1772.0,-158.0
-1858.0,-165.0
-1643.0,-125.0
-1044.0,-46.0
-113.0,53.0
855.0,144.0
1630.0,214.0
1923.0,245.0
1924.0,236.0
1883.0,211.0
1552.0,194.0
1461.0,175.0
1423.0,165.0
1460.0,162.0
1530.0,157.0
1703.0,153.0
1868.0,152.0
1946.0,154.0
1821.0,147.0
1129.0,118.0
219.0,78.0
-781.0,49.0
-1539.0,35.0
-1905.0,31.0
-1890.0,32.0
-1689.0,42.0
-1480.0,62.0
-1368.0,69.0
-1338.0,68.0
-1363.0,77.0
-1446.0,86.0
-1608.0,88.0
-1797.0,96.0
-1885.0,96.0
-1667.0,90.0
-1051.0,89.0
-98.0,77.0
898.0,52.0
1672.0,19.0
1935.0,-2.0
1932.0,-15.0
1903.0,-20.0
1595.0,-19.0
1505.0,-19.0
1444.0,-14.0
1418.0,-6.0
1485.0,-8.0
1695.0,-22.0
1924.0,-54.0
1913.0,-80.0
1961.0,-72.0
1140.0,-19.0
-54.0,79.0
-1075.0,185.0
-1652.0,249.0
-1440.0,232.0
-599.0,141.0
559.0,7.0
1593.0,-115.0
1968.0,-191.0
1906.0,-234.0
1976.0,-220.0
1770.0,-145.0
873.0,-46.0
139.0,60.0
-645.0,164.0
-1287.0,257.0
-1866.0,335.0
-2048.0,397.0
-2048.0,419.0
-1814.0,366.0
-830.0,225.0
321.0,25.0
1423.0,-161.0
1884.0,-248.0
1478.0,-182.0
264.0,27.0
-1095.0,277.0
-1893.0,431.0
-1571.0,387.0
-316.0,143.0
1248.0,-173.0
1959.0,-369.0
1866.0,-302.0
435.0,-9.0
-1183.0,335.0
-1980.0,531.0
-1617.0,454.0
-247.0,141.0
1230.0,-223.0
1986.0,-421.0
1701.0,-338.0
421.0,-26.0
-997.0,338.0
-1809.0,557.0
-1617.0,507.0
-546.0,229.0
797.0,-136.0
1800.0,-422.0
1939.0,-527.0
1985.0,-469.0
1641.0,-361.0
1285.0,-311.0
1488.0,-349.0
1765.0,-441.0
1964.0,-508.0
1731.0,-454.0
1108.0,-261.0
246.0,14.0
-617.0,298.0
-1334.0,533.0
-1828.0,706.0
-2048.0,811.0
-2030.0,821.0
-1620.0,688.0
-822.0,399.0
221.0,17.0
1184.0,-336.0
1683.0,-516.0
1470.0,-440.0
594.0,-120.0
-576.0,327.0
-1549.0,718.0
-1975.0,899.0
-1825.0,847.0
-1394.0,676.0
-1104.0,557.0
-1210.0,604.0
-1610.0,789.0
-1910.0,941.0
-1733.0,868.0
-946.0,515.0
198.0,3.0
1200.0,-442.0
1645.0,-636.0
1388.0,-520.0
590.0,-166.0
-412.0,289.0
-1296.0,706.0
-1888.0,995.0
-2048.0,1120.0
-2020.0,1068.0
-1527.0,834.0
-693.0,436.0
304.0,-51.0
1160.0,-479.0
1557.0,-686.0
1340.0,-580.0
592.0,-202.0
-398.0,314.0
-1289.0,786.0
-1871.0,1091.0
-2048.0,1204.0
-1979.0,1149.0
-1520.0,918.0
-704.0,489.0
344.0,-87.0
1295.0,-625.0
1716.0,-865.0
1323.0,-643.0
238.0,-23.0
-975.0,681.0
-1632.0,1070.0
-1351.0,906.0
-285.0,273.0
952.0,-465.0
1681.0,-901.0
1560.0,-829.0
719.0,-321.0
-398.0,356.0
-1336.0,927.0
-1856.0,1248.0
-1966.0,1328.0
-1775.0,1227.0
-1350.0,974.0
-698.0,566.0
120.0,37.0
918.0,-488.0
1442.0,-841.0
1510.0,-903.0
1138.0,-663.0
537.0,-255.0
3.0,114.0
-254.0,292.0
-215.0,262.0
-18.0,123.0
154.0,2.0
201.0,-28.0
140.0,17.0
59.0,77.0
26.0,102.0
49.0,87.0
84.0,60.0
93.0,49.0
72.0,64.0
49.0,81.0
46.0,84.0
62.0,74.0
81.0,61.0
82.0,57.0
70.0,65.0
59.0,75.0
59.0,76.0
71.0,67.0
80.0,59.0
80.0,60.0
70.0,69.0
64.0,77.0
71.0,72.0
84.0,60.0
88.0,55.0
73.0,62.0
45.0,85.0
21.0,110.0
31.0,103.0
92.0,45.0
179.0,-32.0
215.0,-65.0
132.0,11.0
-98.0,225.0
-435.0,551.0
-794.0,900.0
-1076.0,1178.0
-1218.0,1321.0
-1219.0,1329.0
-1128.0,1250.0
-1026.0,1155.0
-984.0,1118.0
-1017.0,1160.0
-1077.0,1240.0
-1104.0,1285.0
-1059.0,1253.0
-968.0,1166.0
-907.0,1107.0
-942.0,1144.0
-1066.0,1289.0
-1192.0,1465.0
-1220.0,1515.0
-1053.0,1321.0
-657.0,875.0
-92.0,246.0
526.0,-445.0
1066.0,-1065.0
1435.0,-1503.0
1582.0,-1671.0
1482.0,-1556.0
1158.0,-1185.0
679.0,-630.0
137.0,3.0
-382.0,625.0
-825.0,1162.0
-1167.0,1570.0
-1378.0,1822.0
-1395.0,1842.0
-1122.0,1520.0
-526.0,802.0
265.0,-179.0
964.0,-1066.0
1251.0,-1439.0
956.0,-1069.0
198.0,-85.0
-642.0,1023.0
-1098.0,1637.0
-898.0,1381.0
-154.0,382.0
716.0,-799.0
1233.0,-1503.0
1127.0,-1370.0
487.0,-500.0
-338.0,634.0
-971.0,1512.0
-1214.0,1867.0
-1118.0,1763.0
-903.0,1473.0
-753.0,1255.0
-723.0,1217.0
-777.0,1303.0
-838.0,1402.0
-852.0,1439.0
-821.0,1410.0
-786.0,1366.0
-778.0,1356.0
-789.0,1391.0
-800.0,1424.0
-799.0,1428.0
-781.0,1414.0
-759.0,1398.0
-746.0,1388.0
-743.0,1385.0
-741.0,1387.0
-742.0,1399.0
-749.0,1422.0
-749.0,1439.0
-734.0,1437.0
-710.0,1424.0
-695.0,1418.0
-702.0,1441.0
-720.0,1489.0
-723.0,1513.0
-697.0,1469.0
-644.0,1376.0
-603.0,1319.0
-617.0,1373.0
-693.0,1533.0
-788.0,1719.0
-826.0,1782.0
-716.0,1572.0
-428.0,1034.0
-20.0,255.0
406.0,-582.0
759.0,-1301.0
991.0,-1781.0
1079.0,-1981.0
1018.0,-1884.0
819.0,-1485.0
497.0,-814.0
108.0,20.0
-264.0,846.0
-547.0,1479.0
-695.0,1804.0
-702.0,1839.0
-624.0,1695.0
-541.0,1508.0
-481.0,1381.0
-454.0,1335.0
-461.0,1367.0
-502.0,1470.0
-566.0,1633.0
-628.0,1812.0
-651.0,1880.0
-563.0,1669.0
-321.0,1085.0
32.0,201.0
398.0,-742.0
674.0,-1467.0
795.0,-1815.0
779.0,-1813.0
701.0,-1622.0
626.0,-1422.0
584.0,-1310.0
573.0,-1286.0
582.0,-1312.0
604.0,-1394.0
640.0,-1551.0
685.0,-1743.0
698.0,-1828.0
619.0,-1622.0
427.0,-1025.0
145.0,-118.0
-156.0,850.0
-382.0,1591.0
-480.0,1942.0
-469.0,1936.0
-406.0,1735.0
-339.0,1533.0
-300.0,1425.0
-285.0,1399.0
-282.0,1425.0
-294.0,1508.0
-335.0,1668.0
-387.0,1855.0
-409.0,1939.0
-347.0,1726.0
-183.0,1121.0
52.0,206.0
293.0,-776.0
473.0,-1528.0
555.0,-1885.0
546.0,-1880.0
484.0,-1678.0
427.0,-1470.0
405.0,-1361.0
404.0,-1335.0
410.0,-1359.0
419.0,-1439.0
437.0,-1602.0
467.0,-1796.0
483.0,-1882.0
441.0,-1658.0
317.0,-1047.0
129.0,-114.0
-57.0,860.0
-194.0,1633.0
-257.0,1936.0
-250.0,1998.0
-194.0,1806.0
-144.0,1552.0
-127.0,1464.0
-125.0,1418.0
-129.0,1456.0
-134.0,1528.0
-160.0,1700.0
-185.0,1871.0
-191.0,1981.0
-150.0,1759.0
-56.0,1141.0
72.0,208.0
197.0,-794.0
286.0,-1554.0
323.0,-1917.0
317.0,-1906.0
291.0,-1705.0
260.0,-1497.0
238.0,-1384.0
226.0,-1353.0
230.0,-1377.0
236.0,-1456.0
237.0,-1620.0
234.0,-1817.0
226.0,-1908.0
203.0,-1684.0
167.0,-1071.0
114.0,-124.0
59.0,859.0
21.0,1640.0
9.0,1948.0
8.0,1998.0
27.0,1818.0
56.0,1549.0
62.0,1466.0
57.0,1422.0
57.0,1461.0
69.0,1530.0
73.0,1700.0
73.0,1880.0
77.0,1977.0
84.0,1760.0
90.0,1133.0
95.0,192.0
87.0,-817.0
69.0,-1577.0
52.0,-1918.0
51.0,-1890.0
59.0,-1694.0
67.0,-1510.0
66.0,-1407.0
60.0,-1353.0
54.0,-1332.0
43.0,-1396.0
27.0,-1605.0
9.0,-1887.0
-6.0,-2021.0
-4.0,-1760.0
30.0,-990.0
107.0,125.0
190.0,1177.0
241.0,1725.0
230.0,1524.0
155.0,678.0
49.0,-470.0
-53.0,-1505.0
-124.0,-2048.0
-153.0,-2048.0
-127.0,-2048.0
-78.0,-1567.0
2.0,-771.0
96.0,-48.0
182.0,721.0
273.0,1368.0
358.0,1888.0
428.0,1981.0
436.0,1971.0
355.0,1941.0
231.0,949.0
56.0,-251.0
-108.0,-1302.0
-185.0,-1782.0
-126.0,-1357.0
62.0,-180.0
295.0,1176.0
443.0,1938.0
400.0,1641.0
169.0,383.0
-121.0,-1126.0
-299.0,-1977.0
-248.0,-1647.0
20.0,-307.0
342.0,1214.0
511.0,2000.0
430.0,1696.0
156.0,326.0
-169.0,-1115.0
-346.0,-1883.0
-270.0,-1538.0
14.0,-327.0
351.0,1060.0
554.0,1849.0
512.0,1660.0
251.0,623.0
-95.0,-699.0
-364.0,-1688.0
-468.0,-2019.0
-410.0,-1801.0
-298.0,-1402.0
-246.0,-1204.0
-303.0,-1338.0
-395.0,-1639.0
-438.0,-1794.0
-379.0,-1590.0
-196.0,-958.0
28.0,-155.0
250.0,553.0
434.0,1121.0
555.0,1512.0
617.0,1716.0
616.0,1683.0
522.0,1358.0
313.0,725.0
27.0,-100.0
-238.0,-861.0
-375.0,-1253.0
-317.0,-1086.0
-74.0,-396.0
261.0,531.0
553.0,1301.0
681.0,1636.0
637.0,1517.0
513.0,1173.0
430.0,942.0
472.0,1025.0
612.0,1338.0
722.0,1580.0
668.0,1441.0
409.0,819.0
27.0,-81.0
-313.0,-873.0
-468.0,-1222.0
-385.0,-1016.0
-111.0,-390.0
245.0,391.0
575.0,1077.0
799.0,1537.0
889.0,1728.0
849.0,1635.0
676.0,1249.0
365.0,604.0
-20.0,-170.0
-354.0,-835.0
-514.0,-1140.0
-432.0,-967.0
-136.0,-387.0
264.0,379.0
630.0,1069.0
874.0,1515.0
969.0,1682.0
926.0,1593.0
744.0,1238.0
406.0,614.0
-46.0,-195.0
-465.0,-938.0
-658.0,-1260.0
-485.0,-950.0
0.0,-113.0
549.0,819.0
861.0,1322.0
738.0,1101.0
242.0,284.0
-341.0,-663.0
-687.0,-1221.0
-633.0,-1122.0
-233.0,-476.0
305.0,376.0
761.0,1087.0
1021.0,1478.0
1082.0,1563.0
996.0,1421.0
787.0,1097.0
460.0,601.0
44.0,-21.0
-375.0,-628.0
-657.0,-1030.0
-696.0,-1089.0
-501.0,-804.0
-180.0,-344.0
110.0,64.0
252.0,259.0
230.0,227.0
121.0,79.0
24.0,-51.0
-2.0,-86.0
32.0,-40.0
76.0,22.0
95.0,48.0
84.0,32.0
65.0,3.0
58.0,-6.0
68.0,8.0
79.0,23.0
81.0,27.0
74.0,19.0
66.0,5.0
64.0,2.0
70.0,10.0
79.0,17.0
78.0,18.0
72.0,10.0
66.0,5.0
66.0,9.0
73.0,16.0
76.0,18.0
72.0,13.0
63.0,4.0
59.0,1.0
66.0,6.0
84.0,27.0
105.0,50.0
100.0,46.0
55.0,0.0
-8.0,-65.0
-35.0,-94.0
25.0,-35.0
197.0,137.0
455.0,389.0
728.0,654.0
945.0,867.0
1062.0,971.0
1075.0,961.0
1019.0,883.0
951.0,806.0
922.0,779.0
951.0,805.0
1006.0,855.0
1036.0,883.0
1011.0,849.0
946.0,775.0
904.0,726.0
937.0,751.0
1040.0,849.0
1156.0,957.0
1196.0,974.0
1065.0,836.0
723.0,538.0
219.0,127.0
-342.0,-316.0
-842.0,-706.0
-1188.0,-980.0
-1323.0,-1082.0
-1238.0,-1000.0
-945.0,-761.0
-500.0,-415.0
13.0,-30.0
514.0,341.0
946.0,660.0
1280.0,898.0
1486.0,1042.0
1506.0,1055.0
1247.0,864.0
665.0,443.0
-125.0,-124.0
-833.0,-627.0
-1135.0,-827.0
-843.0,-613.0
-55.0,-73.0
836.0,521.0
1326.0,844.0
1123.0,706.0
329.0,179.0
-615.0,-441.0
-1182.0,-810.0
-1081.0,-737.0
-383.0,-285.0
529.0,294.0
1243.0,730.0
1529.0,895.0
1438.0,837.0
1203.0,690.0
1034.0,581.0
1004.0,561.0
1072.0,597.0
1149.0,637.0
1176.0,646.0
1153.0,624.0
1122.0,599.0
1118.0,592.0
1142.0,605.0
1168.0,619.0
1175.0,615.0
1165.0,601.0
1147.0,585.0
1135.0,573.0
1133.0,571.0
1139.0,567.0
1153.0,560.0
1169.0,560.0
1180.0,563.0
1179.0,561.0
1166.0,554.0
1154.0,549.0
1169.0,551.0
1207.0,560.0
1227.0,563.0
1194.0,540.0
1121.0,498.0
1073.0,477.0
1111.0,497.0
1241.0,545.0
1393.0,599.0
1444.0,618.0
1278.0,538.0
850.0,345.0
221.0,75.0
-454.0,-204.0
-1027.0,-436.0
-1410.0,-600.0
-1575.0,-664.0
-1503.0,-620.0
-1183.0,-482.0
-639.0,-268.0
32.0,-12.0
691.0,233.0
1199.0,422.0
1462.0,520.0
1491.0,523.0
1377.0,473.0
1232.0,412.0
1130.0,368.0
1091.0,356.0
1115.0,366.0
1201.0,386.0
1332.0,427.0
1474.0,470.0
1531.0,473.0
1367.0,404.0
897.0,252.0
181.0,34.0
-580.0,-197.0
-1163.0,-371.0
-1441.0,-449.0
-1435.0,-444.0
-1282.0,-395.0
-1126.0,-342.0
-1040.0,-307.0
-1021.0,-296.0
-1043.0,-297.0
-1106.0,-306.0
-1232.0,-333.0
-1385.0,-367.0
-1448.0,-378.0
-1287.0,-327.0
-810.0,-200.0
-79.0,-29.0
701.0,147.0
1302.0,281.0
1590.0,338.0
1583.0,331.0
1423.0,294.0
1261.0,256.0
1169.0,227.0
1150.0,213.0
1171.0,214.0
1238.0,228.0
1365.0,251.0
1522.0,268.0
1590.0,274.0
1419.0,243.0
930.0,152.0
186.0,21.0
-609.0,-106.0
-1218.0,-198.0
-1511.0,-237.0
-1502.0,-233.0
-1340.0,-204.0
-1179.0,-171.0
-1088.0,-154.0
-1065.0,-154.0
-1084.0,-154.0
-1150.0,-160.0
-1279.0,-170.0
-1437.0,-182.0
-1505.0,-181.0
-1332.0,-152.0
-838.0,-93.0
-85.0,-15.0
719.0,59.0
1337.0,105.0
1633.0,119.0
1625.0,108.0
1459.0,88.0
1290.0,73.0
1196.0,62.0
1177.0,64.0
1198.0,67.0
1264.0,63.0
1395.0,65.0
1553.0,73.0
1620.0,69.0
1445.0,49.0
945.0,24.0
185.0,1.0
-625.0,-15.0
-1247.0,-21.0
-1545.0,-22.0
-1539.0,-23.0
-1373.0,-18.0
-1206.0,-9.0
-1113.0,-2.0
-1090.0,6.0
-1111.0,9.0
-1177.0,5.0
-1304.0,2.0
-1461.0,5.0
-1531.0,12.0
-1359.0,24.0
-856.0,25.0
-91.0,1.0
722.0,-31.0
1346.0,-56.0
1643.0,-71.0
1636.0,-73.0
1470.0,-70.0
1297.0,-71.0
1202.0,-72.0
1181.0,-73.0
1202.0,-78.0
1268.0,-89.0
1399.0,-106.0
1560.0,-124.0
1629.0,-135.0
1448.0,-125.0
943.0,-85.0
175.0,-17.0
-648.0,66.0
-1272.0,137.0
-1553.0,172.0
-1530.0,168.0
-1369.0,153.0
-1219.0,144.0
-1133.0,145.0
-1088.0,144.0
-1071.0,141.0
-1122.0,154.0
-1294.0,179.0
-1525.0,214.0
-1639.0,238.0
-1427.0,217.0
-797.0,130.0
114.0,-11.0
974.0,-152.0
1423.0,-229.0
1265.0,-203.0
572.0,-89.0
-366.0,74.0
-1211.0,234.0
-1731.0,335.0
-1861.0,367.0
-1657.0,336.0
-1221.0,252.0
-644.0,137.0
-12.0,7.0
600.0,-126.0
1142.0,-250.0
1577.0,-359.0
1846.0,-431.0
1855.0,-435.0
1506.0,-357.0
780.0,-185.0
-181.0,50.0
-1053.0,267.0
-1439.0,372.0
-1095.0,296.0
-131.0,47.0
975.0,-255.0
1603.0,-437.0
1358.0,-375.0
330.0,-87.0
-905.0,271.0
-1606.0,484.0
-1334.0,412.0
-240.0,84.0
1014.0,-307.0
1678.0,-523.0
1373.0,-430.0
296.0,-86.0
-903.0,296.0
-1528.0,505.0
-1250.0,426.0
-253.0,103.0
887.0,-279.0
1539.0,-506.0
1378.0,-463.0
528.0,-173.0
-555.0,208.0
-1369.0,500.0
-1651.0,604.0
-1471.0,548.0
-1138.0,441.0
-968.0,388.0
-1080.0,430.0
-1334.0,527.0
-1469.0,590.0
-1295.0,528.0
-795.0,328.0
-106.0,55.0
587.0,-225.0
1154.0,-459.0
1543.0,-626.0
1742.0,-718.0
1710.0,-709.0
1384.0,-574.0
745.0,-302.0
-92.0,52.0
-861.0,387.0
-1251.0,569.0
-1078.0,497.0
-385.0,187.0
546.0,-237.0
1327.0,-598.0
1673.0,-757.0
1556.0,-705.0
1206.0,-552.0
965.0,-453.0
1050.0,-496.0
1376.0,-647.0
1624.0,-769.0
1479.0,-708.0
843.0,-403.0
-72.0,53.0
-873.0,466.0
-1227.0,646.0
-1022.0,535.0
-384.0,211.0
415.0,-201.0
1122.0,-576.0
1594.0,-840.0
1789.0,-954.0
1691.0,-910.0
1293.0,-704.0
631.0,-340.0
-158.0,108.0
-833.0,502.0
-1147.0,687.0
-973.0,586.0
-380.0,242.0
400.0,-222.0
1104.0,-649.0
1559.0,-933.0
1731.0,-1043.0
1639.0,-995.0
1279.0,-781.0
641.0,-382.0
-185.0,143.0
-936.0,628.0
-1264.0,850.0
-951.0,653.0
-98.0,91.0
856.0,-546.0
1370.0,-895.0
1147.0,-747.0
309.0,-184.0
-664.0,471.0
-1235.0,867.0
-1135.0,806.0
-473.0,351.0
397.0,-265.0
1118.0,-789.0
1517.0,-1087.0
1601.0,-1164.0
1455.0,-1068.0
1130.0,-825.0
631.0,-449.0
-3.0,24.0
-630.0,494.0
-1044.0,810.0
-1101.0,860.0
-807.0,641.0
-334.0,280.0
85.0,-42.0
285.0,-200.0
249.0,-174.0
94.0,-51.0
-36.0,55.0
-70.0,85.0
-19.0,47.0
43.0,-6.0
65.0,-28.0
47.0,-14.0
18.0,10.0
10.0,14.0
24.0,2.0
39.0,-11.0
42.0,-11.0
36.0,-4.0
26.0,1.0
17.0,4.0
21.0,0.0
31.0,-3.0
36.0,-3.0
27.0,2.0
20.0,6.0
26.0,2.0
38.0,-5.0
41.0,-8.0
34.0,-2.0
24.0,10.0
19.0,15.0
28.0,5.0
51.0,-20.0
71.0,-41.0
65.0,-34.0
18.0,13.0
-49.0,83.0
-79.0,117.0
-18.0,55.0
158.0,-134.0
420.0,-421.0
694.0,-722.0
910.0,-959.0
1020.0,-1082.0
1023.0,-1090.0
953.0,-1022.0
873.0,-943.0
836.0,-913.0
860.0,-947.0
917.0,-1003.0
950.0,-1034.0
917.0,-1008.0
844.0,-937.0
790.0,-889.0
810.0,-920.0
906.0,-1043.0
1008.0,-1184.0
1031.0,-1222.0
904.0,-1065.0
598.0,-692.0
157.0,-156.0
-323.0,434.0
-740.0,962.0
-1028.0,1325.0
-1137.0,1474.0
-1044.0,1385.0
-787.0,1070.0
-426.0,599.0
-19.0,60.0
378.0,-467.0
718.0,-924.0
967.0,-1281.0
1119.0,-1499.0
1130.0,-1521.0
924.0,-1250.0
480.0,-634.0
-112.0,205.0
-640.0,960.0
-864.0,1276.0
-645.0,963.0
-65.0,132.0
575.0,-805.0
920.0,-1325.0
773.0,-1112.0
207.0,-272.0
-460.0,720.0
-855.0,1321.0
-773.0,1216.0
-288.0,482.0
333.0,-480.0
804.0,-1229.0
984.0,-1528.0
921.0,-1434.0
763.0,-1187.0
640.0,-1009.0
610.0,-978.0
652.0,-1050.0
700.0,-1136.0
706.0,-1168.0
678.0,-1143.0
652.0,-1105.0
645.0,-1100.0
652.0,-1126.0
664.0,-1151.0
668.0,-1158.0
658.0,-1146.0
645.0,-1129.0
634.0,-1117.0
624.0,-1118.0
620.0,-1120.0
619.0,-1131.0
617.0,-1154.0
618.0,-1164.0
614.0,-1158.0
597.0,-1143.0
581.0,-1138.0
580.0,-1159.0
590.0,-1201.0
598.0,-1224.0
580.0,-1188.0
541.0,-1109.0
512.0,-1058.0
522.0,-1099.0
581.0,-1232.0
652.0,-1386.0
669.0,-1439.0
582.0,-1268.0
377.0,-817.0
88.0,-161.0
-212.0,542.0
-461.0,1142.0
-629.0,1545.0
-696.0,1713.0
-651.0,1632.0
-502.0,1300.0
-268.0,741.0
8.0,40.0
274.0,-650.0
471.0,-1174.0
563.0,-1449.0
570.0,-1480.0
520.0,-1361.0
459.0,-1205.0
420.0,-1096.0
405.0,-1055.0
412.0,-1078.0
434.0,-1164.0
470.0,-1304.0
513.0,-1456.0
529.0,-1513.0
470.0,-1337.0
306.0,-851.0
62.0,-115.0
-191.0,671.0
-383.0,1274.0
-470.0,1565.0
-458.0,1564.0
-405.0,1403.0
-352.0,1235.0
-321.0,1146.0
-311.0,1127.0
-313.0,1148.0
-327.0,1213.0
-356.0,1341.0
-392.0,1497.0
-402.0,1565.0
-346.0,1394.0
-213.0,901.0
-17.0,152.0
189.0,-649.0
347.0,-1261.0
420.0,-1551.0
407.0,-1545.0
353.0,-1385.0
304.0,-1216.0
277.0,-1121.0
267.0,-1100.0
269.0,-1123.0
280.0,-1191.0
300.0,-1323.0
326.0,-1484.0
333.0,-1552.0
291.0,-1374.0
187.0,-869.0
41.0,-109.0
-111.0,695.0
-220.0,1312.0
-265.0,1608.0
-257.0,1603.0
-224.0,1438.0
-189.0,1268.0
-166.0,1173.0
-158.0,1152.0
-155.0,1175.0
-165.0,1242.0
-189.0,1369.0
-209.0,1527.0
-213.0,1598.0
-178.0,1425.0
-105.0,919.0
-8.0,155.0
87.0,-656.0
149.0,-1282.0
174.0,-1580.0
172.0,-1570.0
149.0,-1399.0
128.0,-1230.0
120.0,-1138.0
118.0,-1116.0
107.0,-1137.0
97.0,-1205.0
96.0,-1335.0
102.0,-1494.0
108.0,-1561.0
94.0,-1383.0
62.0,-875.0
17.0,-114.0
-24.0,697.0
-50.0,1321.0
-62.0,1618.0
-53.0,1613.0
-35.0,1450.0
-25.0,1277.0
-29.0,1181.0
-29.0,1160.0
-21.0,1182.0
-7.0,1249.0
5.0,1378.0
6.0,1533.0
7.0,1601.0
17.0,1424.0
24.0,920.0
17.0,159.0
8.0,-656.0
-7.0,-1280.0
-24.0,-1574.0
-26.0,-1565.0
-11.0,-1401.0
-5.0,-1230.0
-12.0,-1131.0
-27.0,-1104.0
-39.0,-1125.0
-43.0,-1197.0
-56.0,-1325.0
-71.0,-1480.0
-70.0,-1551.0
-65.0,-1378.0
-46.0,-871.0
-1.0,-102.0
59.0,715.0
113.0,1332.0
146.0,1608.0
150.0,1584.0
139.0,1423.0
126.0,1276.0
123.0,1188.0
126.0,1142.0
129.0,1125.0
139.0,1180.0
169.0,1349.0
201.0,1576.0
214.0,1687.0
194.0,1475.0
117.0,852.0
4.0,-48.0
-109.0,-899.0
-178.0,-1342.0
-159.0,-1183.0
-62.0,-496.0
74.0,430.0
205.0,1267.0
294.0,1776.0
323.0,1901.0
297.0,1699.0
233.0,1265.0
138.0,697.0
24.0,80.0
-94.0,-521.0
-203.0,-1050.0
-289.0,-1475.0
-346.0,-1742.0
-352.0,-1753.0
-286.0,-1411.0
-141.0,-693.0
62.0,250.0
259.0,1100.0
352.0,1477.0
275.0,1142.0
50.0,197.0
-214.0,-889.0
-368.0,-1504.0
-310.0,-1264.0
-58.0,-258.0
252.0,949.0
433.0,1636.0
369.0,1372.0
83.0,305.0
-259.0,-922.0
-451.0,-1569.0
-370.0,-1268.0
-61.0,-216.0
291.0,948.0
477.0,1556.0
398.0,1286.0
101.0,317.0
-246.0,-789.0
-447.0,-1425.0
-403.0,-1268.0
-142.0,-441.0
206.0,611.0
472.0,1398.0
565.0,1666.0
510.0,1493.0
411.0,1173.0
368.0,1009.0
410.0,1116.0
500.0,1362.0
551.0,1490.0
499.0,1318.0
323.0,833.0
70.0,171.0
-190.0,-496.0
-413.0,-1038.0
-572.0,-1412.0
-650.0,-1608.0
-647.0,-1576.0
-531.0,-1256.0
-278.0,-641.0
62.0,158.0
383.0,890.0
561.0,1265.0
494.0,1101.0
194.0,439.0
-215.0,-452.0
-564.0,-1195.0
-722.0,-1518.0
-676.0,-1403.0
-523.0,-1071.0
-417.0,-853.0
-457.0,-935.0
-607.0,-1242.0
-730.0,-1476.0
-671.0,-1340.0
-374.0,-738.0
65.0,133.0
454.0,899.0
630.0,1238.0
536.0,1041.0
222.0,437.0
-182.0,-320.0
-546.0,-989.0
-790.0,-1438.0
-893.0,-1625.0
-858.0,-1528.0
-666.0,-1145.0
-319.0,-519.0
111.0,219.0
488.0,854.0
667.0,1154.0
573.0,991.0
245.0,429.0
-197.0,-314.0
-603.0,-980.0
-873.0,-1411.0
-986.0,-1569.0
-938.0,-1484.0
-725.0,-1145.0
-347.0,-539.0
148.0,240.0
610.0,950.0
821.0,1259.0
630.0,966.0
94.0,165.0
-512.0,-732.0
-847.0,-1218.0
-706.0,-1004.0
-165.0,-214.0
470.0,697.0
852.0,1228.0
795.0,1132.0
355.0,512.0
-237.0,-302.0
-739.0,-980.0
-1023.0,-1355.0
-1100.0,-1429.0
-1017.0,-1281.0
-793.0,-968.0
-425.0,-506.0
38.0,74.0
494.0,649.0
809.0,1028.0
866.0,1075.0
651.0,806.0
292.0,373.0
-29.0,-12.0
-184.0,-194.0
-158.0,-161.0
-37.0,-21.0
66.0,100.0
94.0,132.0
59.0,86.0
7.0,30.0
-16.0,9.0
1.0,25.0
26.0,48.0
30.0,54.0
16.0,43.0
3.0,32.0
5.0,31.0
13.0,37.0
19.0,44.0
20.0,47.0
16.0,43.0
13.0,36.0
13.0,36.0
15.0,44.0
18.0,48.0
16.0,42.0
12.0,34.0
10.0,34.0
14.0,43.0
26.0,51.0
32.0,51.0
22.0,42.0
-3.0,24.0
-28.0,5.0
-20.0,11.0
31.0,56.0
97.0,116.0
127.0,141.0
63.0,84.0
-121.0,-75.0
-399.0,-309.0
-695.0,-553.0
-929.0,-740.0
-1053.0,-836.0
-1061.0,-841.0
-993.0,-777.0
-913.0,-700.0
-880.0,-668.0
-915.0,-689.0
-980.0,-734.0
-1013.0,-762.0
-987.0,-728.0
-923.0,-654.0
-871.0,-609.0
-895.0,-639.0
-1013.0,-723.0
-1153.0,-808.0
-1192.0,-825.0
-1043.0,-707.0
-677.0,-435.0
-143.0,-60.0
445.0,343.0
976.0,699.0
1343.0,937.0
1484.0,1028.0
1388.0,962.0
1073.0,752.0
605.0,438.0
75.0,83.0
-446.0,-264.0
-894.0,-560.0
-1240.0,-782.0
-1460.0,-907.0
-1491.0,-904.0
-1228.0,-722.0
-616.0,-341.0
212.0,167.0
954.0,621.0
1270.0,808.0
965.0,613.0
142.0,120.0
-784.0,-422.0
-1294.0,-717.0
-1083.0,-591.0
-254.0,-113.0
733.0,440.0
1328.0,764.0
1222.0,701.0
496.0,305.0
-462.0,-206.0
-1207.0,-601.0
-1503.0,-757.0
-1409.0,-699.0
-1165.0,-562.0
-985.0,-463.0
-951.0,-444.0
-1020.0,-478.0
-1105.0,-513.0
-1135.0,-519.0
-1109.0,-498.0
-1076.0,-473.0
-1071.0,-467.0
-1097.0,-474.0
-1125.0,-476.0
-1132.0,-469.0
-1125.0,-453.0
-1112.0,-436.0
-1101.0,-431.0
-1096.0,-435.0
-1097.0,-432.0
-1109.0,-424.0
-1130.0,-416.0
-1145.0,-415.0
-1140.0,-415.0
-1125.0,-407.0
-1116.0,-399.0
-1134.0,-397.0
-1172.0,-403.0
-1192.0,-408.0
-1160.0,-388.0
-1085.0,-351.0
-1037.0,-329.0
-1077.0,-341.0
-1209.0,-381.0
-1365.0,-432.0
-1415.0,-449.0
-1243.0,-382.0
-795.0,-222.0
-144.0,-3.0
553.0,217.0
1150.0,399.0
1552.0,523.0
1722.0,573.0
1644.0,542.0
1310.0,431.0
752.0,259.0
61.0,60.0
-624.0,-132.0
-1147.0,-283.0
-1424.0,-356.0
-1457.0,-353.0
-1337.0,-309.0
-1186.0,-258.0
-1079.0,-226.0
-1038.0,-217.0
-1063.0,-226.0
-1150.0,-242.0
-1286.0,-266.0
-1433.0,-295.0
-1488.0,-304.0
-1314.0,-257.0
-831.0,-139.0
-98.0,27.0
681.0,198.0
1277.0,329.0
1563.0,385.0
1562.0,376.0
1407.0,332.0
1249.0,287.0
1159.0,260.0
1136.0,251.0
1155.0,249.0
1221.0,248.0
1347.0,269.0
1501.0,296.0
1574.0,297.0
1407.0,264.0
915.0,188.0
166.0,76.0
-630.0,-48.0
-1238.0,-143.0
-1530.0,-182.0
-1528.0,-165.0
-1367.0,-132.0
-1199.0,-106.0
-1106.0,-89.0
-1083.0,-83.0
-1100.0,-85.0
-1164.0,-90.0
-1297.0,-96.0
-1461.0,-96.0
-1533.0,-95.0
-1361.0,-80.0
-860.0,-31.0
-102.0,40.0
703.0,107.0
1323.0,154.0
1616.0,174.0
1609.0,167.0
1447.0,141.0
1278.0,119.0
1187.0,114.0
1165.0,115.0
1186.0,116.0
1252.0,118.0
1378.0,119.0
1534.0,115.0
1606.0,118.0
1433.0,113.0
932.0,85.0
170.0,55.0
-644.0,41.0
-1266.0,39.0
-1564.0,42.0
-1553.0,46.0
-1385.0,51.0
-1212.0,58.0
-1116.0,61.0
-1096.0,64.0
-1118.0,71.0
-1189.0,80.0
-1321.0,99.0
-1481.0,114.0
-1548.0,120.0
-1371.0,121.0
-865.0,102.0
-98.0,61.0
714.0,10.0
1336.0,-28.0
1629.0,-41.0
1623.0,-44.0
1457.0,-33.0
1284.0,-19.0
1191.0,-18.0
1172.0,-29.0
1192.0,-45.0
1260.0,-61.0
1391.0,-79.0
1551.0,-88.0
1619.0,-93.0
1443.0,-89.0
937.0,-46.0
174.0,39.0
-638.0,141.0
-1263.0,215.0
-1560.0,253.0
-1550.0,258.0
-1384.0,246.0
-1213.0,232.0
-1119.0,223.0
-1094.0,225.0
-1112.0,234.0
-1181.0,249.0
-1312.0,271.0
-1472.0,302.0
-1538.0,326.0
-1358.0,304.0
-856.0,218.0
-92.0,79.0
723.0,-81.0
1339.0,-211.0
1616.0,-266.0
1595.0,-259.0
1437.0,-227.0
1289.0,-201.0
1205.0,-188.0
1161.0,-181.0
1143.0,-182.0
1193.0,-200.0
1358.0,-240.0
1586.0,-293.0
1697.0,-323.0
1487.0,-283.0
871.0,-141.0
-28.0,73.0
-879.0,286.0
-1322.0,407.0
-1166.0,368.0
-483.0,187.0
439.0,-58.0
1271.0,-285.0
1780.0,-435.0
1907.0,-474.0
1709.0,-418.0
1279.0,-298.0
714.0,-139.0
95.0,42.0
-507.0,226.0
-1041.0,390.0
-1470.0,524.0
-1736.0,611.0
-1743.0,619.0
-1399.0,519.0
-684.0,293.0
260.0,-18.0
1114.0,-301.0
1492.0,-425.0
1156.0,-314.0
209.0,2.0
-875.0,383.0
-1489.0,605.0
-1251.0,521.0
-246.0,156.0
959.0,-290.0
1644.0,-551.0
1383.0,-455.0
315.0,-50.0
-915.0,420.0
-1569.0,675.0
-1267.0,567.0
-205.0,156.0
963.0,-316.0
1568.0,-574.0
1299.0,-467.0
331.0,-68.0
-779.0,400.0
-1414.0,682.0
-1259.0,627.0
-431.0,267.0
624.0,-204.0
1412.0,-563.0
1678.0,-692.0
1503.0,-619.0
1184.0,-477.0
1023.0,-410.0
1133.0,-462.0
1380.0,-577.0
1510.0,-647.0
1337.0,-575.0
852.0,-346.0
190.0,-18.0
-479.0,319.0
-1027.0,601.0
-1406.0,800.0
-1603.0,901.0
-1573.0,889.0
-1253.0,733.0
-631.0,414.0
176.0,-12.0
910.0,-410.0
1286.0,-625.0
1119.0,-544.0
452.0,-176.0
-441.0,333.0
-1186.0,765.0
-1515.0,956.0
-1401.0,895.0
-1072.0,705.0
-850.0,577.0
-926.0,631.0
-1228.0,820.0
-1464.0,967.0
-1332.0,892.0
-728.0,527.0
150.0,-14.0
916.0,-494.0
1251.0,-709.0
1052.0,-586.0
447.0,-201.0
-312.0,286.0
-984.0,726.0
-1429.0,1032.0
-1606.0,1172.0
-1513.0,1119.0
-1140.0,868.0
-516.0,444.0
228.0,-72.0
868.0,-523.0
1167.0,-738.0
1004.0,-628.0
442.0,-228.0
-301.0,304.0
-965.0,791.0
-1394.0,1109.0
-1559.0,1234.0
-1475.0,1181.0
-1132.0,936.0
-525.0,487.0
255.0,-105.0
965.0,-654.0
1276.0,-902.0
986.0,-677.0
182.0,-47.0
-719.0,669.0
-1210.0,1058.0
-1000.0,891.0
-206.0,261.0
707.0,-481.0
1236.0,-930.0
1140.0,-866.0
523.0,-351.0
-292.0,338.0
-974.0,920.0
-1356.0,1247.0
-1439.0,1321.0
-1301.0,1209.0
-989.0,947.0
-510.0,541.0
88.0,22.0
667.0,-499.0
1053.0,-852.0
1109.0,-906.0
837.0,-666.0
397.0,-268.0
6.0,91.0
-180.0,267.0
-149.0,239.0
-5.0,105.0
117.0,-12.0
149.0,-43.0
106.0,0.0
47.0,58.0
22.0,82.0
37.0,66.0
63.0,39.0
68.0,30.0
54.0,44.0
39.0,58.0
37.0,59.0
45.0,52.0
57.0,42.0
60.0,41.0
54.0,48.0
45.0,53.0
44.0,52.0
54.0,45.0
64.0,38.0
61.0,42.0
52.0,51.0
47.0,57.0
52.0,54.0
62.0,41.0
65.0,36.0
58.0,46.0
37.0,70.0
19.0,92.0
26.0,84.0
69.0,30.0
128.0,-42.0
155.0,-74.0
99.0,-4.0
-63.0,197.0
-299.0,499.0
-549.0,820.0
-739.0,1079.0
-833.0,1215.0
-832.0,1223.0
-769.0,1148.0
-702.0,1060.0
-673.0,1024.0
-690.0,1061.0
-731.0,1133.0
-753.0,1168.0
-720.0,1137.0
-651.0,1059.0
-610.0,1001.0
-632.0,1032.0
-713.0,1164.0
-809.0,1312.0
-841.0,1348.0
-724.0,1181.0
-445.0,785.0
-56.0,216.0
361.0,-419.0
728.0,-983.0
981.0,-1372.0
1075.0,-1526.0
999.0,-1427.0
769.0,-1095.0
446.0,-593.0
92.0,-14.0
-245.0,553.0
-532.0,1037.0
-755.0,1408.0
-892.0,1641.0
-903.0,1663.0
-724.0,1374.0
-332.0,723.0
183.0,-167.0
635.0,-970.0
814.0,-1312.0
619.0,-979.0
133.0,-93.0
-407.0,900.0
-707.0,1445.0
-579.0,1218.0
-99.0,332.0
460.0,-721.0
795.0,-1351.0
732.0,-1235.0
323.0,-461.0
-204.0,552.0
-604.0,1339.0
-756.0,1653.0
-701.0,1555.0
-564.0,1296.0
-461.0,1102.0
-440.0,1067.0
-477.0,1144.0
-521.0,1229.0
-526.0,1259.0
-499.0,1233.0
-479.0,1195.0
-477.0,1186.0
-482.0,1211.0
-482.0,1243.0
-470.0,1253.0
-463.0,1242.0
-459.0,1225.0
-449.0,1212.0
-440.0,1208.0
-426.0,1212.0
-421.0,1225.0
-427.0,1242.0
-433.0,1250.0
-425.0,1246.0
-414.0,1234.0
-407.0,1228.0
-407.0,1244.0
-417.0,1283.0
-421.0,1303.0
-405.0,1263.0
-368.0,1184.0
-337.0,1134.0
-344.0,1174.0
-391.0,1314.0
-448.0,1476.0
-465.0,1528.0
-393.0,1348.0
-223.0,885.0
7.0,211.0
250.0,-513.0
452.0,-1130.0
581.0,-1546.0
625.0,-1722.0
586.0,-1640.0
472.0,-1295.0
292.0,-717.0
76.0,3.0
-132.0,710.0
-283.0,1252.0
-363.0,1533.0
-372.0,1561.0
-326.0,1437.0
-268.0,1281.0
-234.0,1169.0
-219.0,1127.0
-223.0,1152.0
-248.0,1239.0
-280.0,1380.0
-311.0,1533.0
-322.0,1590.0
-267.0,1414.0
-142.0,915.0
35.0,162.0
222.0,-643.0
366.0,-1255.0
424.0,-1547.0
407.0,-1543.0
363.0,-1381.0
327.0,-1211.0
301.0,-1119.0
289.0,-1098.0
290.0,-1118.0
297.0,-1186.0
312.0,-1317.0
338.0,-1476.0
347.0,-1543.0
317.0,-1367.0
228.0,-863.0
94.0,-106.0
-41.0,703.0
-143.0,1323.0
-191.0,1616.0
-186.0,1610.0
-154.0,1444.0
-126.0,1276.0
-113.0,1182.0
-100.0,1162.0
-88.0,1183.0
-84.0,1253.0
-96.0,1383.0
-114.0,1539.0
-126.0,1607.0
-102.0,1432.0
-35.0,926.0
53.0,162.0
139.0,-652.0
201.0,-1277.0
220.0,-1574.0
208.0,-1566.0
186.0,-1400.0
170.0,-1230.0
160.0,-1134.0
150.0,-1112.0
143.0,-1137.0
147.0,-1205.0
160.0,-1332.0
164.0,-1488.0
156.0,-1558.0
140.0,-1383.0
114.0,-875.0
75.0,-107.0
35.0,705.0
12.0,1328.0
7.0,1624.0
16.0,1617.0
26.0,1450.0
34.0,1276.0
41.0,1180.0
48.0,1159.0
55.0,1180.0
63.0,1247.0
65.0,1377.0
71.0,1537.0
85.0,1605.0
91.0,1429.0
84.0,924.0
68.0,158.0
43.0,-655.0
21.0,-1272.0
6.0,-1564.0
0.0,-1560.0
3.0,-1396.0
5.0,-1225.0
11.0,-1131.0
15.0,-1110.0
9.0,-1130.0
-5.0,-1196.0
-16.0,-1327.0
-27.0,-1484.0
-36.0,-1550.0
-33.0,-1373.0
-2.0,-869.0
56.0,-113.0
130.0,692.0
195.0,1309.0
229.0,1601.0
234.0,1593.0
221.0,1428.0
207.0,1257.0
205.0,1163.0
210.0,1139.0
213.0,1159.0
222.0,1223.0
244.0,1351.0
278.0,1505.0
298.0,1569.0
275.0,1395.0
203.0,900.0
90.0,149.0
-39.0,-659.0
-142.0,-1270.0
-191.0,-1541.0
-186.0,-1518.0
-160.0,-1361.0
-147.0,-1210.0
-148.0,-1122.0
-148.0,-1078.0
-146.0,-1060.0
-160.0,-1111.0
-199.0,-1276.0
-251.0,-1499.0
-285.0,-1605.0
-249.0,-1395.0
-114.0,-788.0
85.0,89.0
280.0,914.0
389.0,1341.0
356.0,1185.0
194.0,521.0
-32.0,-373.0
-247.0,-1181.0
-389.0,-1678.0
-422.0,-1805.0
-365.0,-1610.0
-255.0,-1188.0
-110.0,-635.0
55.0,-36.0
225.0,549.0
378.0,1067.0
493.0,1483.0
567.0,1741.0
578.0,1745.0
489.0,1411.0
283.0,720.0
0.0,-196.0
-261.0,-1024.0
-381.0,-1389.0
-284.0,-1062.0
12.0,-147.0
363.0,905.0
565.0,1505.0
484.0,1275.0
159.0,295.0
-235.0,-880.0
-471.0,-1545.0
-392.0,-1285.0
-25.0,-248.0
406.0,935.0
638.0,1566.0
535.0,1275.0
155.0,253.0
-274.0,-880.0
-500.0,-1469.0
-402.0,-1202.0
-39.0,-258.0
383.0,812.0
632.0,1425.0
578.0,1275.0
255.0,473.0
-176.0,-541.0
-511.0,-1300.0
-629.0,-1558.0
-559.0,-1389.0
-425.0,-1078.0
-359.0,-924.0
-411.0,-1031.0
-522.0,-1270.0
-580.0,-1399.0
-513.0,-1233.0
-303.0,-762.0
-3.0,-123.0
308.0,517.0
569.0,1041.0
749.0,1405.0
847.0,1597.0
842.0,1566.0
702.0,1257.0
405.0,663.0
3.0,-106.0
-372.0,-815.0
-568.0,-1173.0
-487.0,-1011.0
-142.0,-372.0
327.0,482.0
724.0,1193.0
904.0,1502.0
851.0,1389.0
679.0,1073.0
562.0,862.0
611.0,938.0
783.0,1225.0
919.0,1446.0
855.0,1312.0
517.0,736.0
6.0,-88.0
-452.0,-810.0
-656.0,-1126.0
-542.0,-935.0
-179.0,-363.0
289.0,347.0
711.0,973.0
998.0,1392.0
1122.0,1567.0
1067.0,1487.0
830.0,1135.0
429.0,543.0
-57.0,-164.0
-484.0,-768.0
-691.0,-1040.0
-587.0,-879.0
-206.0,-355.0
304.0,336.0
774.0,958.0
1089.0,1354.0
1205.0,1508.0
1146.0,1431.0
914.0,1107.0
484.0,540.0
-90.0,-188.0
-617.0,-846.0
-848.0,-1132.0
-635.0,-855.0
-33.0,-108.0
651.0,727.0
1025.0,1184.0
868.0,988.0
261.0,252.0
-455.0,-595.0
-884.0,-1087.0
-809.0,-1001.0
-312.0,-430.0
348.0,324.0
900.0,955.0
1207.0,1308.0
1279.0,1384.0
1179.0,1252.0
937.0,958.0
544.0,521.0
32.0,-22.0
-473.0,-558.0
-811.0,-910.0
-864.0,-957.0
-629.0,-709.0
-241.0,-306.0
106.0,51.0
276.0,222.0
249.0,196.0
118.0,64.0
4.0,-49.0
-26.0,-79.0
16.0,-39.0
70.0,14.0
93.0,37.0
78.0,23.0
55.0,-5.0
49.0,-11.0
63.0,3.0
77.0,19.0
76.0,22.0
68.0,12.0
57.0,-1.0
52.0,-2.0
61.0,5.0
71.0,11.0
70.0,11.0
64.0,3.0
57.0,-1.0
60.0,-1.0
65.0,6.0
66.0,10.0
62.0,8.0
53.0,0.0
49.0,-6.0
57.0,0.0
79.0,18.0
101.0,36.0
95.0,28.0
46.0,-13.0
-24.0,-66.0
-55.0,-87.0
15.0,-34.0
208.0,110.0
498.0,321.0
806.0,542.0
1055.0,713.0
1188.0,802.0
1198.0,803.0
1127.0,743.0
1043.0,673.0
1012.0,641.0
1050.0,657.0
1116.0,697.0
1151.0,718.0
1118.0,693.0
1038.0,638.0
989.0,596.0
1029.0,611.0
1154.0,684.0
1295.0,763.0
1340.0,774.0
1183.0,662.0
789.0,426.0
224.0,96.0
-394.0,-266.0
-942.0,-584.0
-1328.0,-800.0
-1486.0,-881.0
-1388.0,-819.0
-1060.0,-624.0
-567.0,-342.0
-2.0,-31.0
549.0,265.0
1025.0,518.0
1388.0,714.0
1613.0,835.0
1641.0,835.0
1363.0,670.0
725.0,334.0
-153.0,-107.0
-939.0,-491.0
-1271.0,-645.0
-944.0,-482.0
-76.0,-66.0
903.0,389.0
1443.0,638.0
1217.0,536.0
341.0,134.0
-696.0,-339.0
-1318.0,-620.0
-1206.0,-561.0
-442.0,-219.0
557.0,215.0
1331.0,542.0
1639.0,663.0
1545.0,616.0
1293.0,505.0
1104.0,430.0
1064.0,421.0
1135.0,448.0
1227.0,469.0
1265.0,462.0
1237.0,448.0
1193.0,435.0
1184.0,423.0
1213.0,425.0
1242.0,435.0
1247.0,430.0
1239.0,415.0
1222.0,404.0
1208.0,399.0
1204.0,391.0
1210.0,385.0
1224.0,378.0
1245.0,367.0
1257.0,360.0
1248.0,364.0
1228.0,366.0
1223.0,356.0
1246.0,350.0
1280.0,362.0
1299.0,372.0
1262.0,355.0
1184.0,321.0
1132.0,308.0
1172.0,321.0
1310.0,347.0
1470.0,383.0
1524.0,398.0
1347.0,350.0
886.0,217.0
217.0,37.0
-494.0,-146.0
-1101.0,-295.0
-1514.0,-388.0
-1687.0,-421.0
-1608.0,-388.0
-1265.0,-298.0
-690.0,-170.0
15.0,-14.0
711.0,138.0
1247.0,250.0
1527.0,305.0
1556.0,307.0
1434.0,271.0
1281.0,226.0
1171.0,202.0
1129.0,195.0
1150.0,199.0
1237.0,210.0
1381.0,224.0
1530.0,239.0
1588.0,240.0
1414.0,203.0
920.0,124.0
173.0,12.0
-623.0,-106.0
-1233.0,-187.0
-1525.0,-216.0
-1521.0,-203.0
-1359.0,-176.0
-1192.0,-158.0
-1101.0,-144.0
-1081.0,-136.0
-1100.0,-137.0
-1167.0,-143.0
-1297.0,-148.0
-1454.0,-155.0
-1522.0,-152.0
-1349.0,-126.0
-851.0,-75.0
-96.0,-14.0
707.0,44.0
1327.0,86.0
1623.0,110.0
1616.0,111.0
1452.0,89.0
1284.0,65.0
1190.0,52.0
1167.0,45.0
1187.0,38.0
1257.0,31.0
1388.0,29.0
1546.0,31.0
1612.0,25.0
1435.0,11.0
935.0,0.0
179.0,-10.0
-632.0,-23.0
-1258.0,-25.0
-1555.0,-15.0
-1547.0,-6.0
-1386.0,2.0
-1218.0,11.0
-1122.0,15.0
-1101.0,17.0
-1120.0,20.0
-1188.0,27.0
-1320.0,35.0
-1479.0,41.0
-1547.0,49.0
-1368.0,58.0
-861.0,42.0
-98.0,0.0
716.0,-49.0
1340.0,-84.0
1635.0,-105.0
1628.0,-114.0
1460.0,-110.0
1286.0,-101.0
1192.0,-91.0
1171.0,-88.0
1196.0,-90.0
1264.0,-100.0
1392.0,-117.0
1548.0,-144.0
1615.0,-167.0
1439.0,-154.0
935.0,-102.0
174.0,-24.0
-638.0,61.0
-1261.0,136.0
-1554.0,182.0
-1549.0,188.0
-1386.0,168.0
-1216.0,150.0
-1121.0,152.0
-1096.0,157.0
-1115.0,157.0
-1183.0,167.0
-1312.0,189.0
-1471.0,216.0
-1542.0,236.0
-1368.0,214.0
-865.0,139.0
-104.0,15.0
707.0,-125.0
1329.0,-236.0
1622.0,-294.0
1613.0,-293.0
1447.0,-269.0
1278.0,-246.0
1184.0,-236.0
1156.0,-240.0
1175.0,-251.0
1241.0,-271.0
1369.0,-309.0
1523.0,-358.0
1588.0,-380.0
1415.0,-337.0
919.0,-218.0
159.0,-37.0
-654.0,155.0
-1264.0,306.0
-1536.0,382.0
-1512.0,386.0
-1355.0,354.0
-1207.0,325.0
-1119.0,311.0
-1070.0,303.0
-1052.0,300.0
-1103.0,320.0
-1268.0,372.0
-1494.0,438.0
-1605.0,481.0
-1396.0,430.0
-786.0,245.0
97.0,-34.0
933.0,-301.0
1373.0,-436.0
1221.0,-385.0
547.0,-172.0
-367.0,126.0
-1189.0,405.0
-1692.0,589.0
-1810.0,645.0
-1611.0,580.0
-1191.0,429.0
-633.0,232.0
-22.0,15.0
568.0,-205.0
1088.0,-407.0
1505.0,-579.0
1760.0,-692.0
1766.0,-700.0
1432.0,-565.0
739.0,-288.0
-182.0,80.0
-1020.0,423.0
-1391.0,580.0
-1064.0,448.0
-138.0,63.0
920.0,-390.0
1521.0,-661.0
1290.0,-563.0
309.0,-128.0
-871.0,397.0
-1543.0,699.0
-1289.0,582.0
-242.0,113.0
959.0,-433.0
1595.0,-732.0
1299.0,-600.0
267.0,-120.0
-876.0,421.0
-1470.0,709.0
-1203.0,583.0
-253.0,130.0
828.0,-398.0
1447.0,-709.0
1298.0,-643.0
494.0,-241.0
-533.0,286.0
-1301.0,691.0
-1562.0,836.0
-1390.0,754.0
-1079.0,593.0
-925.0,510.0
-1032.0,570.0
-1266.0,710.0
-1388.0,787.0
-1226.0,699.0
-757.0,438.0
-113.0,75.0
537.0,-300.0
1068.0,-612.0
1435.0,-833.0
1618.0,-960.0
1583.0,-958.0
1277.0,-777.0
685.0,-411.0
-92.0,67.0
-807.0,514.0
-1173.0,753.0
-1014.0,656.0
-368.0,247.0
497.0,-307.0
1221.0,-775.0
1536.0,-987.0
1420.0,-928.0
1098.0,-729.0
886.0,-585.0
965.0,-634.0
1256.0,-839.0
1482.0,-1001.0
1352.0,-916.0
767.0,-522.0
-75.0,63.0
-812.0,587.0
-1140.0,818.0
-951.0,684.0
-365.0,272.0
367.0,-257.0
1012.0,-735.0
1444.0,-1063.0
1619.0,-1203.0
1529.0,-1144.0
1165.0,-879.0
563.0,-423.0
-152.0,129.0
-771.0,610.0
-1053.0,845.0
-890.0,729.0
-352.0,299.0
353.0,-278.0
986.0,-805.0
1401.0,-1146.0
1561.0,-1274.0
1475.0,-1216.0
1146.0,-955.0
571.0,-471.0
-174.0,167.0
-855.0,756.0
-1152.0,1023.0
-869.0,783.0
-105.0,107.0
749.0,-663.0
1216.0,-1089.0
1016.0,-914.0
267.0,-228.0
-596.0,575.0
-1102.0,1051.0
-1018.0,974.0
-432.0,421.0
338.0,-318.0
979.0,-939.0
1336.0,-1292.0
1416.0,-1376.0
1290.0,-1253.0
996.0,-970.0
548.0,-530.0
-14.0,29.0
-564.0,585.0
-920.0,964.0
-967.0,1021.0
-713.0,763.0
-301.0,337.0
62.0,-50.0
234.0,-242.0
203.0,-210.0
70.0,-61.0
-42.0,65.0
-70.0,97.0
-28.0,51.0
27.0,-10.0
46.0,-35.0
31.0,-19.0
8.0,10.0
1.0,19.0
13.0,2.0
27.0,-18.0
29.0,-20.0
22.0,-8.0
15.0,6.0
11.0,9.0
11.0,0.0
19.0,-7.0
22.0,-5.0
19.0,2.0
16.0,5.0
17.0,0.0
23.0,-6.0
25.0,-7.0
22.0,-1.0
11.0,9.0
4.0,14.0
9.0,2.0
28.0,-25.0
49.0,-53.0
45.0,-44.0
1.0,15.0
-56.0,94.0
-79.0,129.0
-23.0,55.0
126.0,-158.0
344.0,-475.0
572.0,-813.0
749.0,-1078.0
841.0,-1215.0
843.0,-1224.0
783.0,-1143.0
718.0,-1050.0
691.0,-1014.0
703.0,-1054.0
737.0,-1131.0
759.0,-1171.0
735.0,-1135.0
676.0,-1051.0
637.0,-991.0
656.0,-1025.0
736.0,-1156.0
822.0,-1303.0
837.0,-1349.0
720.0,-1181.0
464.0,-771.0
114.0,-177.0
-266.0,476.0
-602.0,1056.0
-826.0,1466.0
-908.0,1633.0
-840.0,1529.0
-638.0,1177.0
-345.0,655.0
-19.0,62.0
293.0,-518.0
558.0,-1018.0
758.0,-1404.0
879.0,-1643.0
890.0,-1663.0
728.0,-1363.0
373.0,-689.0
-92.0,223.0
-494.0,1047.0
-658.0,1399.0
-494.0,1058.0
-58.0,145.0
427.0,-880.0
695.0,-1446.0
586.0,-1211.0
159.0,-294.0
-344.0,790.0
-641.0,1437.0
-585.0,1318.0
-222.0,524.0
241.0,-520.0
590.0,-1330.0
719.0,-1654.0
674.0,-1552.0
559.0,-1283.0
464.0,-1087.0
439.0,-1057.0
468.0,-1135.0
504.0,-1221.0
514.0,-1248.0
498.0,-1219.0
473.0,-1180.0
464.0,-1173.0
467.0,-1199.0
469.0,-1228.0
460.0,-1237.0
448.0,-1225.0
441.0,-1204.0
437.0,-1189.0
433.0,-1189.0
